1 [ 0 1 1 1 0 1 0 0 0 0 ]
2 [ 1 1 1 0 1 0 0 1 1 1 ]
3 [ 0 1 1 1 1 0 0 0 1 0 ]
4 [ 0 1 0 1 1 0 0 1 1 1 ]
5 [ 0 1 0 1 1 1 1 0 1 1 ]
6 [ 0 1 1 1 1 0 0 0 1 0 ]
7 [ 1 1 1 0 1 1 1 1 1 0 ]
8 [ 0 1 0 1 1 1 1 0 1 1 ]
9 [ 1 1 1 1 1 1 1 1 1 1 ]
10 [ 1 1 1 0 1 1 0 0 1 1 ]
11 [ 1 1 1 0 1 1 1 0 1 1 ]
12 [ 1 1 1 1 1 1 1 1 1 1 ]
13 [ 0 0 0 0 0 0 0 0 1 0 ]
14 [ 1 1 1 0 0 1 0 0 1 1 ]
15 [ 0 0 1 0 1 0 0 0 1 1 ]
16 [ 0 0 0 0 1 0 0 1 1 0 ]
17 [ 0 1 1 0 1 1 1 0 1 0 ]
18 [ 0 1 1 0 1 0 1 0 1 1 ]
19 [ 0 1 1 0 1 0 0 0 1 1 ]
20 [ 1 0 0 0 0 0 0 0 1 0 ]
21 [ 1 0 1 0 1 0 0 0 1 1 ]
22 [ 0 0 0 0 0 0 1 1 1 0 ]
23 [ 1 1 1 1 1 1 1 1 1 1 ]
24 [ 0 1 0 0 1 0 0 0 1 0 ]
25 [ 0 0 0 0 1 0 0 0 1 1 ]
26 [ 0 0 0 0 0 1 0 1 1 1 ]
27 [ 0 1 0 0 0 0 0 0 0 0 ]
28 [ 0 0 0 0 1 0 0 0 1 0 ]
29 [ 0 0 0 0 0 0 0 0 1 0 ]
30 [ 0 0 0 1 1 0 0 0 0 0 ]
31 [ 0 1 0 0 0 0 0 0 1 1 ]
32 [ 0 1 0 0 1 0 0 0 0 0 ]
33 [ 0 0 0 1 1 0 1 0 0 0 ]
34 [ 0 1 1 1 1 1 1 1 1 1 ]
35 [ 0 1 0 1 0 0 0 0 1 0 ]
36 [ 1 0 1 1 1 1 1 0 1 0 ]
37 [ 0 1 1 0 1 1 0 0 1 0 ]
38 [ 0 1 1 0 1 0 1 1 1 1 ]
39 [ 1 1 1 0 0 0 1 0 1 0 ]
40 [ 1 0 1 1 1 1 0 0 1 0 ]
41 [ 1 1 1 0 1 1 0 1 1 0 ]
42 [ 0 1 1 1 1 0 0 0 1 1 ]
43 [ 1 1 1 1 1 0 0 1 1 1 ]
44 [ 0 0 1 1 0 1 0 1 1 1 ]
45 [ 1 1 1 1 1 1 1 1 1 1 ]
46 [ 1 1 1 1 1 0 1 0 1 0 ]
47 [ 0 1 0 0 1 0 0 1 1 0 ]
48 [ 0 1 0 0 1 0 1 1 1 1 ]
49 [ 0 0 1 1 0 0 1 0 0 1 ]
50 [ 1 0 1 0 1 0 1 0 1 0 ]
51 [ 0 1 1 1 1 1 1 1 1 1 ]
52 [ 0 0 1 0 1 0 1 0 1 1 ]
53 [ 0 0 1 0 1 0 1 1 1 0 ]
54 [ 0 1 0 0 1 0 0 0 1 1 ]
55 [ 1 1 0 0 1 0 0 1 1 0 ]
56 [ 1 1 1 1 1 1 1 1 1 0 ]
57 [ 1 1 1 1 1 0 1 1 0 1 ]
58 [ 0 1 1 1 1 1 0 1 1 0 ]
59 [ 0 1 1 1 1 1 1 1 1 1 ]
60 [ 0 1 1 1 1 1 0 1 1 1 ]
61 [ 1 1 1 1 1 0 1 0 1 0 ]
62 [ 1 1 1 1 1 0 1 0 1 1 ]
63 [ 0 1 1 1 1 1 0 1 1 0 ]
64 [ 0 0 1 1 0 1 1 0 1 0 ]
65 [ 1 1 0 1 0 0 0 0 0 0 ]
66 [ 1 1 0 0 0 0 0 1 1 1 ]
67 [ 1 1 1 1 1 1 0 1 1 1 ]
68 [ 1 0 1 0 1 0 0 1 1 0 ]
69 [ 1 1 1 1 1 0 0 1 1 0 ]
70 [ 0 1 1 1 0 1 0 0 1 1 ]
71 [ 0 0 1 0 1 0 1 0 1 1 ]
72 [ 0 1 1 0 0 0 1 0 1 0 ]
73 [ 0 1 1 0 0 1 1 0 1 1 ]
74 [ 0 0 1 0 0 0 0 0 1 0 ]
75 [ 0 1 1 1 0 0 0 0 0 1 ]
76 [ 0 0 1 0 0 1 0 1 1 0 ]
77 [ 0 1 1 0 0 0 1 1 1 0 ]
78 [ 1 1 1 1 1 1 1 0 1 1 ]
79 [ 0 0 1 0 1 1 0 0 0 1 ]
80 [ 0 1 0 0 1 0 0 0 1 1 ]
81 [ 0 1 0 0 1 0 1 0 0 1 ]
82 [ 0 0 1 0 1 0 1 0 1 0 ]
83 [ 0 0 1 0 1 0 1 0 1 1 ]
84 [ 1 0 0 0 1 0 0 0 1 0 ]
85 [ 0 0 0 0 1 0 0 0 1 1 ]
86 [ 0 0 0 0 1 0 0 0 1 1 ]
87 [ 0 0 1 1 1 0 1 1 0 1 ]
88 [ 0 1 0 0 0 1 0 0 1 1 ]
89 [ 1 1 1 1 1 1 1 1 1 1 ]
90 [ 1 1 0 1 1 1 1 0 1 1 ]
91 [ 0 1 1 0 1 1 0 0 0 1 ]
92 [ 1 1 1 0 1 1 1 0 1 1 ]
93 [ 1 1 1 0 1 0 1 1 1 1 ]
94 [ 0 1 0 0 1 1 1 1 1 1 ]
95 [ 1 1 0 1 1 1 0 1 0 0 ]
96 [ 1 0 1 0 1 0 1 0 1 1 ]
97 [ 1 0 1 0 1 1 1 0 1 0 ]
98 [ 0 0 1 1 1 1 0 0 1 0 ]
99 [ 1 1 0 1 1 1 1 0 1 1 ]
100 [ 1 1 1 1 1 1 1 1 1 1 ]
101 [ 0 1 0 0 1 1 0 0 1 1 ]
102 [ 0 1 0 0 0 0 0 0 1 1 ]
103 [ 0 1 1 0 1 0 0 0 1 1 ]
104 [ 0 1 1 0 1 0 0 1 0 1 ]
105 [ 0 1 1 0 1 0 1 0 1 1 ]
106 [ 0 1 1 1 1 1 0 1 1 1 ]
107 [ 0 1 1 1 1 1 1 1 1 1 ]
108 [ 0 1 1 0 1 0 1 1 1 1 ]
109 [ 1 1 1 0 1 1 0 0 1 0 ]
110 [ 0 1 0 0 1 1 1 1 1 1 ]
111 [ 1 1 1 1 1 1 1 1 1 1 ]
112 [ 0 1 1 1 1 0 0 1 1 1 ]
113 [ 0 1 1 1 1 1 0 1 1 0 ]
114 [ 1 1 1 1 1 0 0 1 1 0 ]
115 [ 1 1 1 1 1 0 0 0 1 1 ]
116 [ 1 0 1 1 1 0 1 1 1 1 ]
117 [ 1 1 1 1 1 0 0 0 1 0 ]
118 [ 0 0 1 1 1 0 1 1 1 1 ]
119 [ 1 0 1 1 1 0 1 0 0 1 ]
120 [ 0 0 1 1 1 1 1 0 1 0 ]
121 [ 0 1 0 1 0 0 1 0 0 1 ]
122 [ 1 1 1 1 1 1 1 1 1 1 ]
123 [ 0 0 1 1 0 0 1 0 1 1 ]
124 [ 0 0 0 1 1 0 1 0 1 1 ]
125 [ 0 1 0 0 1 0 1 0 0 0 ]
126 [ 0 0 0 1 0 0 1 0 0 0 ]
127 [ 0 0 0 1 1 0 0 1 0 0 ]
128 [ 0 0 1 0 0 0 0 0 0 0 ]
129 [ 0 1 0 0 0 0 0 0 0 0 ]
130 [ 0 1 1 0 0 0 0 1 0 0 ]
131 [ 0 0 0 1 0 0 0 0 0 0 ]
132 [ 0 0 1 0 0 0 0 0 0 0 ]
133 [ 1 1 1 1 1 1 0 1 1 1 ]
134 [ 0 0 1 1 1 0 0 1 1 1 ]
135 [ 0 0 1 0 1 1 1 0 0 0 ]
136 [ 0 0 1 1 1 0 0 0 1 1 ]
137 [ 0 0 1 1 0 1 0 1 1 0 ]
138 [ 0 1 1 0 1 0 0 1 0 0 ]
139 [ 0 1 1 0 1 1 1 0 1 1 ]
140 [ 1 0 1 0 0 0 0 0 1 1 ]
141 [ 0 0 1 0 1 0 1 0 1 0 ]
142 [ 1 0 1 1 0 0 0 0 1 0 ]
143 [ 0 1 1 1 0 1 1 1 1 1 ]
144 [ 1 1 1 1 1 1 1 1 1 1 ]
145 [ 1 1 1 0 1 1 0 0 1 1 ]
146 [ 1 1 1 1 1 1 1 0 1 1 ]
147 [ 1 1 1 1 1 1 0 0 1 1 ]
148 [ 1 1 1 1 1 0 0 1 1 0 ]
149 [ 1 1 1 1 1 1 0 1 1 1 ]
150 [ 1 1 1 0 1 1 0 1 1 0 ]
151 [ 1 1 1 1 1 1 1 1 1 1 ]
152 [ 1 1 0 1 1 1 1 0 1 1 ]
153 [ 0 1 1 0 0 1 1 1 1 1 ]
154 [ 1 1 1 1 1 1 0 1 1 0 ]
155 [ 1 1 1 1 1 1 1 1 1 1 ]
156 [ 1 0 1 0 1 1 0 0 1 1 ]
157 [ 1 1 1 1 1 1 1 0 1 1 ]
158 [ 1 1 1 1 1 1 0 1 1 1 ]
159 [ 1 1 1 1 1 1 1 0 1 0 ]
160 [ 1 1 1 1 1 1 0 0 1 1 ]
161 [ 1 1 0 1 1 1 0 1 1 1 ]
162 [ 1 1 1 1 0 1 0 0 1 1 ]
163 [ 1 0 1 1 1 1 1 0 1 1 ]
164 [ 1 1 1 0 1 1 0 0 0 0 ]
165 [ 0 1 0 1 1 1 0 1 1 1 ]
166 [ 1 1 1 1 1 1 1 0 1 1 ]
167 [ 1 0 1 1 1 1 1 0 1 0 ]
168 [ 0 1 0 1 0 1 1 0 1 0 ]
169 [ 1 1 0 0 0 1 1 1 1 0 ]
170 [ 1 1 1 1 0 1 0 0 0 0 ]
171 [ 1 1 1 0 1 0 0 1 1 1 ]
172 [ 1 1 0 0 1 1 0 0 0 0 ]
173 [ 1 1 1 0 0 0 0 1 1 1 ]
174 [ 1 0 0 0 1 0 0 0 1 0 ]
175 [ 0 0 0 1 1 0 0 0 0 1 ]
176 [ 1 1 0 0 1 0 1 1 0 0 ]
177 [ 1 1 0 1 1 1 1 1 1 1 ]
178 [ 0 0 0 0 0 0 1 0 0 0 ]
179 [ 1 1 0 0 0 0 0 0 1 1 ]
180 [ 1 0 0 0 0 1 0 0 1 1 ]
181 [ 1 0 0 1 1 0 0 0 1 0 ]
182 [ 0 0 0 0 0 0 0 0 0 0 ]
183 [ 0 0 0 0 0 1 0 0 1 1 ]
184 [ 1 0 0 0 0 1 0 0 1 1 ]
185 [ 1 0 1 0 0 1 0 0 0 0 ]
186 [ 0 0 0 0 0 0 0 1 0 1 ]
187 [ 0 0 1 0 1 1 1 1 0 0 ]
188 [ 1 1 1 1 1 1 1 0 1 1 ]
189 [ 0 0 1 0 0 0 0 0 0 0 ]
190 [ 0 0 0 0 0 0 0 0 1 0 ]
191 [ 0 1 0 0 1 0 0 0 0 0 ]
192 [ 0 0 0 0 0 0 0 0 1 1 ]
193 [ 1 0 0 0 1 0 0 0 1 0 ]
194 [ 0 0 1 0 1 1 0 0 1 0 ]
195 [ 0 0 1 1 1 0 1 0 0 0 ]
196 [ 1 1 1 1 1 0 0 0 1 1 ]
197 [ 1 1 1 1 1 0 1 0 1 1 ]
198 [ 0 1 1 1 1 1 0 0 1 1 ]
199 [ 1 1 1 1 1 1 1 0 1 1 ]
200 [ 1 1 1 1 1 1 0 1 1 1 ]
201 [ 1 1 1 1 1 1 1 0 1 1 ]
202 [ 0 1 1 1 1 1 0 0 1 1 ]
203 [ 1 1 1 1 1 1 0 1 1 1 ]
204 [ 1 0 1 1 1 1 1 0 1 0 ]
205 [ 1 1 1 1 1 1 1 1 1 1 ]
206 [ 0 1 1 1 1 0 1 1 1 1 ]
207 [ 0 1 1 1 1 1 0 1 1 1 ]
208 [ 0 1 1 1 1 1 0 1 1 1 ]
209 [ 1 1 1 1 1 1 1 1 1 1 ]
210 [ 1 1 1 1 1 1 1 1 1 1 ]
211 [ 1 1 1 1 1 1 0 0 1 0 ]
212 [ 0 0 0 1 1 1 0 0 1 0 ]
213 [ 1 0 1 1 1 0 0 1 1 0 ]
214 [ 1 1 0 0 0 1 1 0 1 0 ]
215 [ 1 1 0 1 0 0 1 0 1 0 ]
216 [ 1 1 0 1 1 0 0 0 0 1 ]
217 [ 0 1 1 0 1 1 1 0 0 0 ]
218 [ 1 0 0 1 0 0 1 0 0 0 ]
219 [ 1 0 0 0 1 0 0 0 1 0 ]
220 [ 1 0 0 1 1 1 1 0 1 0 ]
221 [ 1 1 1 1 1 1 1 1 1 1 ]
222 [ 0 0 1 0 0 0 0 0 0 0 ]
223 [ 0 0 1 0 0 0 0 0 1 0 ]
224 [ 0 0 1 1 0 0 0 0 0 0 ]
225 [ 0 0 0 1 0 0 0 0 0 0 ]
226 [ 1 1 1 1 1 1 1 0 1 1 ]
