2 [ 0 0 0 0 0 0 0 0 0 0 ]
3 [ 0 0 0 1 0 0 0 0 0 0 ]
4 [ 0 1 0 0 0 0 0 0 0 0 ]
5 [ 0 1 0 0 0 0 0 0 0 0 ]
6 [ 0 0 0 0 0 0 0 0 0 0 ]
7 [ 0 0 0 0 1 0 0 0 0 0 ]
8 [ 0 0 1 0 0 0 0 0 0 0 ]
9 [ 1 1 0 1 0 0 0 0 0 0 ]
10 [ 0 0 0 0 0 0 0 0 0 0 ]
11 [ 0 0 0 1 0 0 0 0 0 0 ]
12 [ 0 0 0 1 0 0 0 0 0 0 ]
13 [ 0 1 0 0 0 0 0 0 0 0 ]
14 [ 0 0 0 0 0 1 0 0 0 0 ]
15 [ 0 1 0 0 0 0 0 0 0 0 ]
16 [ 1 1 1 1 1 1 1 0 1 1 ]
17 [ 1 1 1 1 0 0 0 0 0 0 ]
18 [ 0 0 0 0 0 0 0 0 0 0 ]
19 [ 0 0 1 0 0 0 0 0 0 0 ]
20 [ 0 0 0 0 0 0 0 0 0 0 ]
21 [ 0 0 1 0 0 0 0 0 0 0 ]
22 [ 1 1 1 1 1 1 1 0 1 1 ]
23 [ 0 0 1 0 0 0 0 0 0 0 ]
24 [ 0 0 1 0 0 0 0 0 0 0 ]
25 [ 0 1 0 0 0 0 0 0 0 0 ]
26 [ 0 0 0 0 0 0 0 0 0 0 ]
27 [ 0 1 0 0 0 0 0 0 0 0 ]
28 [ 1 1 1 1 1 1 1 0 1 1 ]
29 [ 0 1 0 1 0 0 0 0 0 0 ]
30 [ 1 1 1 0 0 0 0 0 0 0 ]
31 [ 1 1 0 0 0 0 0 0 0 0 ]
32 [ 0 1 0 0 0 0 0 0 0 0 ]
33 [ 0 1 0 0 0 0 0 0 0 0 ]
34 [ 1 1 1 1 1 1 1 0 1 1 ]
35 [ 1 1 0 1 0 0 0 0 0 1 ]
36 [ 0 1 0 0 0 0 0 0 0 0 ]
37 [ 0 1 0 0 0 0 0 0 0 0 ]
38 [ 0 0 0 1 0 0 0 0 0 0 ]
39 [ 0 0 0 1 0 0 0 0 0 0 ]
40 [ 1 1 1 1 1 1 1 0 1 1 ]
41 [ 0 0 1 0 0 0 0 0 0 0 ]
42 [ 1 1 1 1 1 1 1 0 1 1 ]
43 [ 0 1 0 0 0 0 0 0 0 0 ]
44 [ 0 1 0 0 0 0 0 0 0 0 ]
45 [ 0 1 0 0 0 0 0 0 0 0 ]
46 [ 1 1 0 1 0 0 0 0 0 0 ]
47 [ 1 1 1 1 0 0 0 0 0 0 ]
48 [ 1 1 1 1 1 1 1 0 1 1 ]
49 [ 0 0 1 0 0 0 0 0 0 0 ]
50 [ 0 0 0 0 0 0 0 0 0 0 ]
51 [ 0 0 1 0 0 0 0 0 0 0 ]
52 [ 1 1 1 1 1 1 1 0 1 1 ]
53 [ 1 1 0 0 0 0 0 0 0 0 ]
54 [ 0 0 0 0 0 0 0 0 0 0 ]
55 [ 0 1 0 0 0 0 0 0 0 0 ]
56 [ 0 0 0 1 0 0 0 0 0 0 ]
57 [ 0 0 0 1 0 0 0 0 0 0 ]
58 [ 0 0 0 0 0 0 0 0 0 0 ]
59 [ 0 1 0 0 0 0 0 0 0 0 ]
60 [ 1 1 1 1 1 1 1 0 1 1 ]
61 [ 1 1 0 1 0 0 0 0 0 1 ]
62 [ 0 1 0 0 0 0 0 0 0 0 ]
63 [ 0 1 0 0 0 0 0 0 0 0 ]
64 [ 0 0 0 0 0 0 0 0 0 0 ]
65 [ 1 1 1 1 1 1 1 0 1 1 ]
66 [ 1 1 1 1 1 1 1 0 1 1 ]
67 [ 1 1 0 0 0 1 0 0 0 0 ]
68 [ 1 1 1 1 1 1 1 0 1 1 ]
69 [ 1 1 1 1 1 1 1 0 1 1 ]
70 [ 1 1 1 1 1 1 1 0 1 1 ]
71 [ 1 1 1 1 1 1 1 0 1 1 ]
72 [ 1 1 1 1 1 1 1 0 1 1 ]
73 [ 1 1 0 0 0 0 0 0 0 0 ]
74 [ 1 1 1 1 1 1 1 0 1 1 ]
75 [ 1 1 1 1 1 1 1 0 1 1 ]
76 [ 1 1 1 1 1 1 1 0 1 1 ]
77 [ 0 1 0 0 1 0 0 0 0 0 ]
78 [ 0 0 0 0 0 0 0 0 0 0 ]
79 [ 1 1 1 1 1 1 1 0 1 1 ]
80 [ 1 1 1 1 1 1 1 0 1 1 ]
81 [ 1 1 0 0 0 1 0 0 0 0 ]
82 [ 1 1 1 1 1 1 1 0 1 1 ]
83 [ 1 1 0 1 0 1 1 0 0 1 ]
84 [ 1 1 1 1 1 1 1 0 1 1 ]
85 [ 1 1 1 1 1 1 1 0 1 1 ]
86 [ 0 0 0 0 0 0 0 0 0 0 ]
87 [ 0 1 0 0 0 0 0 0 0 0 ]
88 [ 1 1 1 1 1 1 1 0 1 1 ]
89 [ 1 1 0 1 0 0 0 0 0 0 ]
90 [ 0 0 0 0 0 0 0 0 0 0 ]
91 [ 1 1 1 1 1 1 1 0 1 1 ]
92 [ 0 0 0 1 0 0 0 0 0 0 ]
93 [ 0 0 0 0 0 0 0 0 1 0 ]
94 [ 1 1 1 1 1 1 1 0 1 1 ]
95 [ 0 1 0 1 0 0 0 0 1 0 ]
96 [ 0 0 0 0 0 0 0 0 0 0 ]
97 [ 1 1 1 1 1 1 1 0 1 1 ]
98 [ 1 1 1 1 1 1 1 0 1 1 ]
99 [ 1 1 0 0 0 1 0 0 0 0 ]
100 [ 0 0 0 0 0 0 0 0 0 0 ]
101 [ 0 1 0 0 0 0 0 0 0 0 ]
102 [ 0 0 0 0 0 0 0 0 0 0 ]
103 [ 0 1 0 0 0 0 0 0 0 0 ]
104 [ 0 0 0 0 0 0 0 0 0 0 ]
105 [ 0 0 0 1 0 0 0 0 0 0 ]
106 [ 0 1 0 0 0 0 0 0 0 0 ]
107 [ 0 1 0 0 0 0 0 0 0 0 ]
108 [ 1 1 1 1 0 0 0 0 1 0 ]
109 [ 1 1 1 1 0 1 0 0 1 0 ]
110 [ 1 1 1 1 1 1 1 0 1 1 ]
111 [ 1 1 1 1 1 1 1 0 1 1 ]
112 [ 1 1 1 1 1 1 1 0 1 1 ]
113 [ 1 1 0 0 0 1 0 0 0 0 ]
114 [ 0 0 0 0 0 0 0 0 0 0 ]
115 [ 0 1 0 0 0 0 0 0 0 0 ]
116 [ 0 0 0 1 0 0 0 0 0 0 ]
117 [ 0 0 0 0 0 0 0 0 1 0 ]
118 [ 0 0 0 1 0 0 0 0 0 0 ]
119 [ 0 0 0 1 0 0 0 0 0 0 ]
120 [ 1 1 1 1 1 1 1 0 1 1 ]
121 [ 1 1 0 0 0 1 0 0 0 0 ]
122 [ 0 0 0 0 0 0 0 0 0 0 ]
123 [ 1 1 1 1 1 1 1 0 1 1 ]
124 [ 0 0 0 0 0 0 0 0 0 0 ]
125 [ 0 0 0 1 0 0 0 0 0 0 ]
126 [ 1 1 1 1 1 1 1 0 1 1 ]
127 [ 1 1 1 1 1 1 1 0 1 1 ]
128 [ 0 0 0 0 0 0 0 0 0 0 ]
129 [ 0 1 0 0 0 0 0 0 0 0 ]
130 [ 1 1 1 1 1 1 1 0 1 1 ]
131 [ 0 0 0 1 0 0 0 0 1 0 ]
132 [ 1 1 1 1 1 1 1 0 1 1 ]
133 [ 0 1 0 0 1 0 0 0 0 0 ]
134 [ 1 1 1 1 1 1 1 0 1 1 ]
135 [ 1 1 1 1 1 1 1 0 1 1 ]
136 [ 0 1 0 0 0 0 0 0 0 0 ]
137 [ 0 1 0 0 0 0 0 0 0 0 ]
138 [ 1 1 1 1 1 1 1 0 1 1 ]
139 [ 0 1 1 0 0 0 0 0 0 0 ]
140 [ 0 0 0 1 0 0 0 0 0 0 ]
141 [ 0 1 0 0 0 0 0 0 0 0 ]
142 [ 0 0 0 0 0 0 0 0 0 0 ]
143 [ 1 0 0 0 0 0 0 0 0 0 ]
144 [ 0 0 0 0 0 0 0 0 0 0 ]
145 [ 0 1 0 0 0 0 0 0 0 0 ]
146 [ 0 0 1 0 0 0 0 0 0 0 ]
147 [ 0 0 0 0 0 0 0 0 0 0 ]
148 [ 1 1 1 1 1 1 1 0 1 1 ]
149 [ 1 1 0 1 0 1 0 0 0 0 ]
150 [ 0 0 0 0 0 0 0 0 0 0 ]
151 [ 0 1 0 0 0 0 0 0 0 0 ]
152 [ 0 0 0 0 0 0 0 0 0 0 ]
153 [ 0 0 1 0 0 0 0 0 0 0 ]
154 [ 0 0 0 0 0 0 0 0 0 0 ]
155 [ 1 1 1 1 1 1 1 0 1 1 ]
156 [ 0 0 0 0 0 0 0 0 1 0 ]
157 [ 0 0 0 0 0 0 0 0 0 0 ]
158 [ 1 0 0 0 0 0 0 0 0 0 ]
159 [ 1 0 0 0 0 0 0 0 0 0 ]
160 [ 0 0 0 0 1 0 0 0 0 0 ]
161 [ 0 0 0 0 0 0 0 0 0 0 ]
162 [ 0 1 0 0 0 0 0 0 0 0 ]
163 [ 1 1 0 0 0 0 0 0 0 0 ]
164 [ 0 1 0 0 0 0 0 0 0 0 ]
165 [ 0 1 0 1 0 0 0 0 0 0 ]
166 [ 0 0 0 0 0 0 0 0 0 0 ]
167 [ 0 0 0 0 1 0 0 0 0 0 ]
168 [ 0 0 0 0 0 0 0 0 0 0 ]
169 [ 1 1 1 1 1 1 1 0 1 1 ]
170 [ 1 1 1 1 1 1 1 0 1 1 ]
171 [ 0 0 0 0 0 0 0 0 1 0 ]
172 [ 1 1 1 1 1 1 1 0 1 1 ]
173 [ 1 1 0 0 0 0 0 0 0 0 ]
174 [ 0 0 0 0 0 0 0 0 0 0 ]
175 [ 1 1 1 1 1 1 1 0 1 1 ]
176 [ 0 0 0 0 1 0 0 0 0 0 ]
177 [ 0 1 0 0 0 0 0 0 0 0 ]
178 [ 0 0 1 0 0 0 0 0 0 0 ]
179 [ 0 1 0 0 0 0 0 0 0 0 ]
180 [ 1 0 0 0 0 0 0 0 0 0 ]
181 [ 0 1 0 0 0 0 0 0 0 0 ]
182 [ 0 0 0 0 0 0 0 0 0 0 ]
183 [ 0 0 0 0 1 0 0 0 0 0 ]
184 [ 0 0 0 0 0 0 0 0 0 0 ]
185 [ 1 0 0 0 0 0 0 0 0 0 ]
186 [ 0 0 1 0 0 0 0 0 0 0 ]
187 [ 0 0 0 1 0 0 0 0 0 0 ]
188 [ 0 0 0 0 0 0 0 0 0 0 ]
189 [ 0 0 0 0 1 0 0 0 0 0 ]
190 [ 0 0 0 0 0 0 0 0 0 0 ]
191 [ 0 0 0 0 0 0 0 0 0 0 ]
192 [ 0 0 0 0 0 0 0 0 0 0 ]
193 [ 1 1 1 1 1 1 1 0 1 1 ]
194 [ 0 0 0 0 0 0 0 0 0 0 ]
195 [ 0 0 0 0 0 0 0 0 0 0 ]
196 [ 0 0 0 0 0 0 0 0 0 0 ]
197 [ 0 1 0 0 0 0 0 0 0 0 ]
198 [ 0 0 0 0 0 0 0 0 0 1 ]
199 [ 1 1 0 0 0 0 0 0 0 0 ]
200 [ 0 0 0 0 0 0 0 0 0 0 ]
201 [ 0 1 0 0 0 0 0 0 0 0 ]
202 [ 1 1 1 1 1 1 1 0 1 1 ]
203 [ 0 1 0 0 0 0 0 0 0 0 ]
204 [ 0 0 0 0 0 0 0 0 0 0 ]
205 [ 0 1 0 0 0 0 0 0 0 0 ]
206 [ 0 0 0 0 0 0 0 0 0 0 ]
207 [ 0 1 0 0 0 0 0 0 0 0 ]
208 [ 0 0 0 0 0 0 0 0 0 0 ]
209 [ 0 0 1 0 0 0 0 0 0 0 ]
210 [ 0 0 0 0 0 0 1 0 0 0 ]
211 [ 0 1 0 0 0 0 0 0 0 1 ]
212 [ 1 0 0 0 0 0 0 0 0 0 ]
213 [ 1 0 0 0 0 0 0 0 0 0 ]
214 [ 0 0 0 0 0 0 0 0 0 0 ]
215 [ 0 0 0 0 0 0 0 0 1 0 ]
216 [ 0 0 0 1 0 0 0 0 0 0 ]
217 [ 1 1 0 1 0 0 0 0 0 0 ]
218 [ 0 0 0 0 0 1 0 0 0 0 ]
219 [ 0 1 0 0 0 0 0 0 0 0 ]
220 [ 0 0 0 0 1 0 0 0 0 0 ]
221 [ 0 1 0 0 0 0 0 0 0 0 ]
222 [ 0 0 0 0 0 0 0 0 1 0 ]
223 [ 0 1 0 0 0 0 0 0 0 0 ]
224 [ 0 0 0 0 0 0 0 0 0 0 ]
225 [ 0 0 0 0 0 0 0 0 0 0 ]
226 [ 0 0 0 0 0 0 0 0 0 0 ]
