2 [ 1 0 1 1 1 1 0 0 1 1 ]
3 [ 0 1 1 0 0 0 0 0 1 0 ]
4 [ 0 1 0 1 1 0 1 0 1 0 ]
5 [ 0 1 1 1 0 1 1 0 0 1 ]
6 [ 0 0 1 1 1 1 0 0 0 0 ]
7 [ 1 1 1 1 0 1 0 0 1 0 ]
8 [ 0 1 1 1 1 1 1 0 1 0 ]
9 [ 1 1 1 0 1 1 1 0 1 0 ]
10 [ 1 1 1 0 1 0 0 0 1 0 ]
11 [ 0 1 1 1 1 1 0 0 1 0 ]
12 [ 0 0 0 1 0 1 1 1 1 0 ]
13 [ 0 0 1 0 0 0 0 0 1 0 ]
14 [ 1 1 1 0 0 0 1 0 1 0 ]
15 [ 0 1 1 0 0 0 1 0 1 0 ]
16 [ 0 0 1 0 0 1 1 1 0 0 ]
17 [ 0 1 1 0 1 0 1 0 1 0 ]
18 [ 1 0 1 1 0 0 0 0 1 1 ]
19 [ 0 1 1 0 0 1 1 1 1 1 ]
20 [ 0 0 0 0 0 1 0 0 1 0 ]
21 [ 0 0 0 1 1 0 0 0 1 1 ]
22 [ 1 0 1 0 0 0 0 1 1 0 ]
23 [ 1 1 0 1 1 0 0 0 1 0 ]
24 [ 0 1 0 0 1 0 0 0 1 0 ]
25 [ 0 0 1 0 0 0 0 0 1 0 ]
26 [ 0 0 0 0 0 0 0 0 0 1 ]
27 [ 0 1 0 0 0 0 0 1 1 0 ]
28 [ 0 0 1 0 0 0 0 0 1 0 ]
29 [ 0 0 0 1 0 0 0 0 0 0 ]
30 [ 0 1 1 0 0 0 0 0 1 0 ]
31 [ 0 1 0 0 0 0 0 0 1 0 ]
32 [ 1 0 0 0 1 0 0 0 1 0 ]
33 [ 1 1 1 1 1 1 1 1 1 1 ]
34 [ 0 1 1 0 1 0 0 0 1 1 ]
35 [ 0 1 1 0 0 0 1 1 1 1 ]
36 [ 0 1 1 1 0 1 0 0 1 0 ]
37 [ 0 0 1 0 1 0 0 0 0 1 ]
38 [ 0 0 1 0 1 1 1 0 1 0 ]
39 [ 0 1 1 1 1 1 1 1 1 0 ]
40 [ 1 0 1 0 1 0 0 0 1 0 ]
41 [ 1 1 1 1 1 1 1 1 1 1 ]
42 [ 0 1 0 0 1 1 1 0 1 0 ]
43 [ 1 1 1 1 1 1 0 0 1 1 ]
44 [ 1 1 1 0 1 0 1 1 1 1 ]
45 [ 0 1 0 1 0 0 0 1 1 1 ]
46 [ 1 1 1 1 1 0 0 1 1 1 ]
47 [ 0 1 0 1 1 0 1 1 1 0 ]
48 [ 1 1 1 1 1 0 1 1 1 1 ]
49 [ 0 0 1 1 1 0 0 1 1 1 ]
50 [ 0 0 1 0 1 0 1 1 1 0 ]
51 [ 0 1 1 1 1 0 1 1 1 1 ]
52 [ 1 1 1 1 1 1 1 0 1 1 ]
53 [ 0 1 1 1 1 1 1 1 1 0 ]
54 [ 0 1 1 1 1 1 0 1 1 1 ]
55 [ 1 1 1 0 1 1 0 1 1 0 ]
56 [ 0 0 0 0 1 0 0 0 1 0 ]
57 [ 1 1 1 1 1 1 1 1 1 0 ]
58 [ 0 1 1 1 1 1 0 0 1 1 ]
59 [ 0 1 1 1 1 1 0 1 1 0 ]
60 [ 1 1 1 1 1 1 0 1 1 0 ]
61 [ 1 1 1 0 1 1 1 1 1 0 ]
62 [ 0 1 1 1 1 1 1 0 0 0 ]
63 [ 0 1 1 1 1 1 1 1 1 0 ]
64 [ 0 0 1 1 1 1 1 0 1 0 ]
65 [ 1 1 1 1 1 1 1 1 1 1 ]
66 [ 0 0 0 1 1 1 0 0 1 0 ]
67 [ 1 1 1 1 1 1 1 1 1 1 ]
68 [ 1 1 1 1 1 1 0 0 1 0 ]
69 [ 1 1 0 0 1 1 0 0 1 0 ]
70 [ 0 1 0 1 1 0 0 0 1 1 ]
71 [ 1 1 1 1 1 0 1 0 1 1 ]
72 [ 1 0 1 1 0 0 1 0 1 0 ]
73 [ 0 1 1 1 1 1 0 0 1 0 ]
74 [ 0 0 1 1 1 1 0 1 1 0 ]
75 [ 1 1 1 1 0 1 0 1 1 1 ]
76 [ 1 1 1 1 1 0 0 0 1 0 ]
77 [ 0 1 1 1 0 1 0 0 1 0 ]
78 [ 1 1 0 0 1 1 0 0 0 0 ]
79 [ 1 0 1 0 1 1 0 1 1 0 ]
80 [ 0 0 0 1 1 0 0 0 1 1 ]
81 [ 1 1 1 0 1 1 1 0 1 1 ]
82 [ 0 1 0 1 1 0 1 0 1 0 ]
83 [ 0 0 1 0 1 0 0 0 1 1 ]
84 [ 1 1 0 0 1 0 0 0 1 0 ]
85 [ 0 0 1 1 1 0 1 0 1 1 ]
86 [ 1 1 1 1 1 0 0 0 1 1 ]
87 [ 0 0 0 0 1 0 1 1 1 1 ]
88 [ 0 1 0 0 1 1 0 0 1 0 ]
89 [ 1 0 1 1 1 0 1 0 1 0 ]
90 [ 1 1 1 1 1 1 1 0 1 0 ]
91 [ 1 0 0 1 1 0 0 1 1 0 ]
92 [ 0 1 1 1 1 1 0 0 0 0 ]
93 [ 0 1 1 1 1 1 1 1 1 0 ]
94 [ 0 1 1 1 1 1 1 0 1 1 ]
95 [ 1 0 0 1 1 0 0 1 0 0 ]
96 [ 1 1 1 1 1 0 1 1 1 0 ]
97 [ 1 1 1 1 1 1 1 1 1 1 ]
98 [ 1 1 1 1 1 0 0 0 1 1 ]
99 [ 0 0 1 1 1 0 0 0 1 1 ]
100 [ 0 1 1 0 1 1 0 0 1 0 ]
101 [ 0 1 1 1 1 1 0 0 1 1 ]
102 [ 0 1 1 1 1 1 0 0 1 1 ]
103 [ 0 1 0 1 1 0 1 0 1 1 ]
104 [ 0 1 1 1 1 0 0 1 1 1 ]
105 [ 1 1 1 1 1 0 0 1 1 1 ]
106 [ 1 1 1 1 1 1 1 1 1 1 ]
107 [ 1 1 1 1 1 1 1 1 1 1 ]
108 [ 1 1 1 1 1 1 1 1 1 1 ]
109 [ 1 1 1 1 1 1 0 1 1 1 ]
110 [ 1 1 1 1 1 0 1 0 1 1 ]
111 [ 1 1 1 1 1 1 0 0 1 1 ]
112 [ 1 1 1 1 1 1 0 1 1 1 ]
113 [ 0 1 1 1 1 1 0 0 1 1 ]
114 [ 0 1 1 1 1 1 1 1 1 1 ]
115 [ 1 0 1 1 1 0 0 0 1 1 ]
116 [ 1 0 1 1 1 0 0 0 1 1 ]
117 [ 1 0 1 1 1 1 0 0 1 1 ]
118 [ 0 0 1 1 1 0 1 0 1 1 ]
119 [ 1 0 1 0 1 0 1 1 1 0 ]
120 [ 0 0 1 0 1 1 1 0 1 0 ]
121 [ 0 0 0 1 0 0 0 0 1 1 ]
122 [ 1 1 1 0 1 0 0 1 1 1 ]
123 [ 0 1 1 0 0 1 0 0 0 0 ]
124 [ 1 1 1 1 1 0 0 0 1 0 ]
125 [ 0 1 0 0 1 0 0 0 1 1 ]
126 [ 1 1 0 1 0 0 0 0 1 1 ]
127 [ 1 0 0 0 0 0 0 0 1 0 ]
128 [ 0 0 1 0 0 1 0 0 1 1 ]
129 [ 1 1 1 1 1 1 1 1 1 1 ]
130 [ 1 1 1 1 1 1 0 0 1 0 ]
131 [ 0 0 1 1 0 1 0 0 1 0 ]
132 [ 0 1 1 1 1 0 1 0 1 0 ]
133 [ 0 1 1 1 0 1 0 0 1 0 ]
134 [ 0 0 1 1 1 0 0 1 1 1 ]
135 [ 0 0 0 1 0 1 1 0 1 1 ]
136 [ 1 1 1 1 0 0 0 0 1 1 ]
137 [ 0 1 0 0 1 0 1 0 1 0 ]
138 [ 0 1 1 0 1 1 1 1 1 0 ]
139 [ 0 1 1 0 0 0 1 0 0 1 ]
140 [ 0 1 1 1 0 0 0 0 1 1 ]
141 [ 0 0 1 0 1 1 1 1 1 0 ]
142 [ 0 0 1 1 1 1 0 0 1 0 ]
143 [ 0 1 1 1 1 1 1 1 1 0 ]
144 [ 1 1 1 1 1 0 1 0 1 1 ]
145 [ 0 1 1 1 1 1 1 0 1 0 ]
146 [ 1 1 1 1 1 1 1 0 1 1 ]
147 [ 1 1 1 1 1 1 1 0 1 0 ]
148 [ 1 1 1 1 0 0 0 0 1 1 ]
149 [ 0 1 1 1 1 1 1 1 1 0 ]
150 [ 0 1 1 1 1 1 0 1 1 0 ]
151 [ 1 1 1 1 1 1 1 1 1 1 ]
152 [ 1 1 1 1 0 1 1 0 1 1 ]
153 [ 0 1 1 1 1 1 0 0 1 1 ]
154 [ 1 1 1 1 1 1 0 1 1 0 ]
155 [ 1 1 1 1 1 1 1 0 1 1 ]
156 [ 1 0 1 1 1 1 1 0 1 1 ]
157 [ 1 1 1 1 1 1 1 1 1 1 ]
158 [ 1 1 1 1 1 1 1 1 1 1 ]
159 [ 1 1 1 1 1 1 1 1 1 1 ]
160 [ 1 1 1 1 1 1 1 1 1 0 ]
161 [ 1 1 1 1 1 1 1 1 1 1 ]
162 [ 1 1 1 1 1 1 0 0 1 1 ]
163 [ 1 0 1 1 1 1 0 0 1 0 ]
164 [ 0 1 1 1 1 1 0 0 1 1 ]
165 [ 0 1 0 1 1 0 0 0 0 1 ]
166 [ 0 0 0 0 1 0 1 1 1 1 ]
167 [ 0 1 1 0 0 0 1 0 1 0 ]
168 [ 0 1 1 1 1 0 1 0 0 1 ]
169 [ 0 1 1 1 0 0 1 0 0 0 ]
170 [ 1 1 1 1 1 0 0 0 1 1 ]
171 [ 1 0 1 1 1 0 1 1 1 0 ]
172 [ 1 1 0 1 0 0 1 0 1 0 ]
173 [ 0 1 1 0 1 0 1 0 1 0 ]
174 [ 1 1 0 0 1 0 0 0 1 1 ]
175 [ 0 0 0 0 1 0 0 0 0 0 ]
176 [ 1 1 0 1 1 1 0 0 0 0 ]
177 [ 1 0 0 0 0 0 0 0 0 0 ]
178 [ 0 0 0 0 1 0 0 0 0 0 ]
179 [ 0 1 0 1 0 0 1 0 1 0 ]
180 [ 0 0 0 1 0 0 0 0 1 1 ]
181 [ 1 0 0 1 0 0 0 0 1 0 ]
182 [ 0 1 0 0 0 0 0 0 1 1 ]
183 [ 0 0 0 0 0 0 0 0 0 1 ]
184 [ 0 0 0 0 0 1 0 0 1 1 ]
185 [ 0 1 0 0 0 0 0 0 1 1 ]
186 [ 0 1 0 0 0 0 0 0 0 1 ]
187 [ 0 0 1 0 1 1 0 0 0 0 ]
188 [ 0 1 1 0 1 1 0 0 1 0 ]
189 [ 1 1 1 0 0 0 0 0 0 0 ]
190 [ 1 0 1 1 0 0 1 0 1 0 ]
191 [ 0 1 0 0 1 0 0 0 1 0 ]
192 [ 0 0 1 1 1 1 0 0 1 0 ]
193 [ 1 1 1 1 1 1 1 1 1 1 ]
194 [ 1 1 1 0 1 0 0 1 0 0 ]
195 [ 0 1 1 1 1 1 0 0 0 1 ]
196 [ 1 1 1 1 1 1 1 0 1 1 ]
197 [ 1 1 0 0 1 0 1 0 1 0 ]
198 [ 1 1 0 1 1 1 0 0 1 1 ]
199 [ 1 1 1 1 1 0 1 0 1 1 ]
200 [ 1 1 1 0 1 0 0 0 1 1 ]
201 [ 1 0 0 1 0 1 1 1 0 0 ]
202 [ 0 1 1 0 1 1 0 0 0 1 ]
203 [ 1 0 1 0 1 0 0 0 1 1 ]
204 [ 0 1 1 1 1 1 0 0 1 0 ]
205 [ 1 1 0 0 1 0 1 0 1 0 ]
206 [ 1 1 0 1 1 1 1 0 1 0 ]
207 [ 1 1 0 0 1 0 0 1 0 1 ]
208 [ 1 0 1 1 1 0 0 1 0 0 ]
209 [ 1 0 1 1 1 0 0 1 1 1 ]
210 [ 1 0 1 1 1 0 1 1 1 1 ]
211 [ 1 0 1 1 1 0 1 1 1 1 ]
212 [ 1 1 1 1 1 1 0 0 1 0 ]
213 [ 1 1 1 1 1 0 1 0 1 0 ]
214 [ 1 1 1 1 1 1 1 0 1 1 ]
215 [ 1 1 0 0 1 0 1 0 0 0 ]
216 [ 1 1 1 1 1 0 0 1 1 0 ]
217 [ 0 1 1 0 1 0 1 0 1 1 ]
218 [ 1 1 0 0 1 0 1 1 0 0 ]
219 [ 0 0 0 0 1 1 1 0 1 1 ]
220 [ 1 0 0 0 1 0 0 0 0 0 ]
221 [ 1 0 1 0 0 0 1 1 0 1 ]
222 [ 0 0 1 0 1 0 0 0 0 1 ]
223 [ 0 0 0 1 1 0 0 0 0 0 ]
224 [ 0 1 1 1 1 1 0 0 0 1 ]
225 [ 1 1 1 1 1 1 1 1 1 1 ]
226 [ 1 0 0 0 0 0 0 0 0 0 ]
