title: FPR vs Lead Time(Forecasting)
x_lable: False Positive Rate(From 0-1 FP Per-day)
y_lable: Lead Time(Forecasting)
GASDM: 
0.0 0.011627906976744186
0.0 0.02558139534883721
0.0 0.02558139534883721
0.0 0.02558139534883721
0.0 0.02558139534883721
0.0 0.02558139534883721
0.0 0.02558139534883721
0.0 0.02558139534883721
0.0 0.02558139534883721
0.0 0.02558139534883721
0.004424778761061947 0.037209302325581395
0.008849557522123894 0.05116279069767442
0.01327433628318584 0.06279069767441861
0.017699115044247787 0.07441860465116279
0.017699115044247787 0.08372093023255814
0.022123893805309734 0.09069767441860466
0.02654867256637168 0.10232558139534884
0.030973451327433628 0.11395348837209303
0.035398230088495575 0.12325581395348838
0.03982300884955752 0.13023255813953488
0.04424778761061947 0.13953488372093023
0.05309734513274336 0.15348837209302327
0.061946902654867256 0.16744186046511628
0.07079646017699115 0.1813953488372093
0.07964601769911504 0.19534883720930232
0.08849557522123894 0.2069767441860465
0.09292035398230089 0.2186046511627907
0.10176991150442478 0.2302325581395349
0.11061946902654868 0.2372093023255814
0.11946902654867257 0.24883720930232558
0.13274336283185842 0.2627906976744186
0.14601769911504425 0.27906976744186046
0.1504424778761062 0.2837209302325581
0.15486725663716813 0.29534883720930233
0.168141592920354 0.30930232558139537
0.18141592920353983 0.32325581395348835
0.19469026548672566 0.3372093023255814
0.2079646017699115 0.3511627906976744
0.22123893805309736 0.36511627906976746
0.2345132743362832 0.3767441860465116
0.2345132743362832 0.386046511627907
0.2345132743362832 0.3930232558139535
0.2345132743362832 0.40232558139534885
0.24336283185840707 0.413953488372093
0.25663716814159293 0.4232558139534884
0.26991150442477874 0.4325581395348837
0.2831858407079646 0.4441860465116279
0.29646017699115046 0.4558139534883721
0.30973451327433627 0.4697674418604651
0.3141592920353982 0.4720930232558139
0.33185840707964603 0.48604651162790696
0.3407079646017699 0.48604651162790696
0.35398230088495575 0.4906976744186046
0.3672566371681416 0.49767441860465117
0.37610619469026546 0.5046511627906977
0.38495575221238937 0.513953488372093
0.4026548672566372 0.5255813953488372
0.42035398230088494 0.5372093023255814
0.43805309734513276 0.5465116279069767
0.43805309734513276 0.5558139534883721
0.45132743362831856 0.5604651162790698
0.4646017699115044 0.5651162790697675
0.47345132743362833 0.5697674418604651
0.4778761061946903 0.5697674418604651
0.4823008849557522 0.5744186046511628
0.504424778761062 0.5790697674418605
0.5221238938053098 0.5813953488372093
0.5398230088495575 0.586046511627907
0.5486725663716814 0.5953488372093023
0.5619469026548672 0.5953488372093023
0.5707964601769911 0.6
0.5929203539823009 0.6046511627906976
0.6106194690265486 0.6093023255813953
0.6283185840707964 0.6116279069767442
0.6371681415929203 0.6209302325581395
0.6460176991150443 0.6232558139534884
0.6637168141592921 0.6255813953488372
0.6814159292035398 0.6302325581395349
0.6946902654867256 0.6325581395348837
0.7168141592920354 0.6348837209302326
0.7389380530973452 0.6348837209302326
0.7610619469026548 0.6372093023255814
0.7831858407079646 0.641860465116279
0.8053097345132744 0.6465116279069767
0.827433628318584 0.6511627906976745
0.8495575221238938 0.6511627906976745
0.8672566371681416 0.6558139534883721
0.8849557522123894 0.6627906976744186
0.911504424778761 0.6651162790697674
0.9380530973451328 0.6674418604651163
0.9646017699115044 0.672093023255814
0.9911504424778761 0.6767441860465117
NPHGS: 
0.004424778761061947 0.013953488372093023
0.008849557522123894 0.02558139534883721
0.008849557522123894 0.027906976744186046
0.017699115044247787 0.037209302325581395
0.02654867256637168 0.04186046511627907
0.035398230088495575 0.053488372093023255
0.03982300884955752 0.06279069767441861
0.048672566371681415 0.06976744186046512
0.05752212389380531 0.07674418604651163
0.07079646017699115 0.09302325581395349
0.084070796460177 0.10930232558139535
0.09734513274336283 0.12325581395348838
0.10176991150442478 0.12558139534883722
0.10619469026548672 0.12790697674418605
0.11061946902654868 0.1325581395348837
0.12389380530973451 0.1372093023255814
0.13716814159292035 0.1511627906976744
0.1504424778761062 0.16511627906976745
0.16371681415929204 0.17906976744186046
0.16371681415929204 0.1813953488372093
0.17256637168141592 0.19534883720930232
0.1902654867256637 0.2069767441860465
0.19911504424778761 0.2116279069767442
0.21238938053097345 0.21395348837209302
0.2168141592920354 0.2186046511627907
0.22123893805309736 0.2302325581395349
0.23893805309734514 0.23488372093023255
0.25663716814159293 0.23953488372093024
0.27876106194690264 0.2441860465116279
0.2920353982300885 0.2558139534883721
0.3053097345132743 0.2558139534883721
0.3185840707964602 0.25813953488372093
0.3230088495575221 0.26046511627906976
0.33185840707964603 0.2651162790697674
0.3495575221238938 0.2744186046511628
0.35398230088495575 0.2837209302325581
0.3672566371681416 0.2930232558139535
0.38495575221238937 0.29767441860465116
0.3938053097345133 0.30930232558139537
0.4026548672566372 0.3116279069767442
0.42920353982300885 0.313953488372093
0.4336283185840708 0.31627906976744186
0.4469026548672566 0.31627906976744186
0.4557522123893805 0.3209302325581395
0.4557522123893805 0.32558139534883723
0.4690265486725664 0.32558139534883723
0.4690265486725664 0.3325581395348837
0.4778761061946903 0.3325581395348837
0.48672566371681414 0.34418604651162793
0.5 0.3558139534883721
0.5088495575221239 0.36046511627906974
0.5265486725663717 0.3697674418604651
0.5265486725663717 0.3767441860465116
0.5442477876106194 0.37906976744186044
0.5619469026548672 0.3813953488372093
0.5796460176991151 0.386046511627907
0.5796460176991151 0.4
0.5929203539823009 0.40232558139534885
0.5973451327433629 0.4046511627906977
0.6017699115044248 0.4046511627906977
0.6061946902654868 0.40930232558139534
0.6061946902654868 0.413953488372093
0.6061946902654868 0.41627906976744183
0.6283185840707964 0.42093023255813955
0.6504424778761062 0.4232558139534884
0.672566371681416 0.42790697674418604
0.6858407079646017 0.42790697674418604
0.7035398230088495 0.42790697674418604
0.7212389380530974 0.43488372093023253
0.7300884955752213 0.4372093023255814
0.7389380530973452 0.44651162790697674
0.7477876106194691 0.4511627906976744
0.7743362831858407 0.45813953488372094
0.7876106194690266 0.46744186046511627
0.8185840707964602 0.4697674418604651
0.8495575221238938 0.4697674418604651
0.8805309734513275 0.4744186046511628
0.911504424778761 0.4790697674418605
0.9292035398230089 0.4790697674418605
0.9292035398230089 0.4906976744186046
0.9292035398230089 0.5023255813953489
0.9292035398230089 0.5069767441860465
0.9292035398230089 0.5162790697674419
0.9292035398230089 0.5209302325581395
0.9424778761061947 0.5209302325581395
0.9557522123893806 0.5209302325581395
0.9690265486725663 0.5232558139534884
0.9690265486725663 0.5279069767441861
0.9690265486725663 0.5302325581395348
0.9911504424778761 0.5302325581395348
EventTree: 
0.0 0.0
0.0 0.013953488372093023
0.0 0.01627906976744186
0.0 0.01627906976744186
0.0 0.01627906976744186
0.0 0.01627906976744186
0.0 0.01627906976744186
0.0 0.01627906976744186
0.0 0.01627906976744186
0.0 0.01627906976744186
0.0 0.01627906976744186
0.0 0.01627906976744186
0.0 0.01627906976744186
0.0 0.01627906976744186
0.0 0.01627906976744186
0.0 0.01627906976744186
0.0 0.01627906976744186
0.0 0.01627906976744186
0.0 0.01627906976744186
0.0 0.01627906976744186
0.0 0.01627906976744186
0.0 0.01627906976744186
0.0 0.01627906976744186
0.0 0.01627906976744186
0.0 0.01627906976744186
0.0 0.01627906976744186
0.0 0.01627906976744186
0.0 0.01627906976744186
0.0 0.01627906976744186
0.0 0.01627906976744186
0.0 0.01627906976744186
0.0 0.01627906976744186
0.0 0.01627906976744186
0.0 0.01627906976744186
0.0 0.01627906976744186
0.0 0.01627906976744186
0.0 0.01627906976744186
0.0 0.01627906976744186
0.0 0.01627906976744186
0.0 0.01627906976744186
0.0 0.01627906976744186
0.0 0.01627906976744186
0.0 0.01627906976744186
0.0 0.01627906976744186
0.0 0.01627906976744186
0.0 0.01627906976744186
0.0 0.01627906976744186
0.0 0.01627906976744186
0.0 0.01627906976744186
0.0 0.01627906976744186
0.0 0.01627906976744186
0.0 0.01627906976744186
0.0 0.01627906976744186
0.0 0.01627906976744186
0.0 0.01627906976744186
0.0 0.01627906976744186
0.0 0.01627906976744186
0.0 0.01627906976744186
0.0 0.01627906976744186
0.0 0.01627906976744186
0.0 0.01627906976744186
0.0 0.01627906976744186
0.0 0.01627906976744186
0.0 0.01627906976744186
0.0 0.01627906976744186
0.0 0.01627906976744186
0.0 0.01627906976744186
0.0 0.01627906976744186
0.0 0.01627906976744186
0.0 0.01627906976744186
0.0 0.01627906976744186
0.0 0.01627906976744186
0.0 0.01627906976744186
0.0 0.01627906976744186
0.0 0.01627906976744186
0.0 0.01627906976744186
0.004424778761061947 0.027906976744186046
0.008849557522123894 0.04186046511627907
0.01327433628318584 0.04883720930232558
0.017699115044247787 0.06279069767441861
0.017699115044247787 0.07209302325581396
0.022123893805309734 0.07209302325581396
0.02654867256637168 0.08372093023255814
0.030973451327433628 0.09534883720930233
0.030973451327433628 0.10465116279069768
0.035398230088495575 0.11395348837209303
0.04424778761061947 0.12558139534883722
0.05309734513274336 0.13953488372093023
0.061946902654867256 0.15348837209302327
0.06637168141592921 0.16511627906976745
0.0752212389380531 0.1697674418604651
0.084070796460177 0.1813953488372093
0.09292035398230089 0.19069767441860466
0.10176991150442478 0.20232558139534884
0.11061946902654868 0.2116279069767442
0.11946902654867257 0.21395348837209302
0.13274336283185842 0.2255813953488372
0.14601769911504425 0.24186046511627907
0.1592920353982301 0.25813953488372093
0.17256637168141592 0.27209302325581397
0.17699115044247787 0.2813953488372093
0.18141592920353983 0.2930232558139535
0.19469026548672566 0.30697674418604654
0.2079646017699115 0.3209302325581395
0.22123893805309736 0.3325581395348837
0.2345132743362832 0.34651162790697676
0.24778761061946902 0.3581395348837209
0.24778761061946902 0.3627906976744186
0.25663716814159293 0.37209302325581395
0.26991150442477874 0.38372093023255816
0.2743362831858407 0.3883720930232558
0.2920353982300885 0.40232558139534885
0.3053097345132743 0.4116279069767442
0.3141592920353982 0.4116279069767442
0.3230088495575221 0.42093023255813955
0.3230088495575221 0.4325581395348837
0.33185840707964603 0.43488372093023253
0.3407079646017699 0.43488372093023253
0.34513274336283184 0.4372093023255814
0.3584070796460177 0.43953488372093025
0.37168141592920356 0.44651162790697674
0.3805309734513274 0.44883720930232557
0.3938053097345133 0.4511627906976744
0.40707964601769914 0.4511627906976744
0.41150442477876104 0.4558139534883721
0.42035398230088494 0.4558139534883721
0.42035398230088494 0.45813953488372094
0.4336283185840708 0.4627906976744186
0.45132743362831856 0.46511627906976744
0.4690265486725664 0.46744186046511627
0.47345132743362833 0.4697674418604651
0.4823008849557522 0.4720930232558139
0.48672566371681414 0.47674418604651164
0.5088495575221239 0.4790697674418605
0.5309734513274337 0.4790697674418605
0.5575221238938053 0.48372093023255813
0.5575221238938053 0.48604651162790696
0.5707964601769911 0.4883720930232558
0.584070796460177 0.4906976744186046
0.588495575221239 0.49767441860465117
0.5973451327433629 0.49767441860465117
0.6283185840707964 0.5023255813953489
0.6460176991150443 0.5046511627906977
0.6637168141592921 0.5069767441860465
0.6814159292035398 0.5069767441860465
0.6814159292035398 0.5069767441860465
0.6814159292035398 0.5186046511627908
0.6814159292035398 0.5279069767441861
0.6946902654867256 0.5302325581395348
0.7079646017699115 0.5348837209302325
0.7212389380530974 0.5395348837209303
0.7300884955752213 0.541860465116279
0.7389380530973452 0.5465116279069767
0.7566371681415929 0.5511627906976744
0.7743362831858407 0.5511627906976744
0.7831858407079646 0.5581395348837209
0.7831858407079646 0.5581395348837209
0.7831858407079646 0.5604651162790698
0.8053097345132744 0.5604651162790698
0.827433628318584 0.5627906976744186
0.8495575221238938 0.5651162790697675
0.8495575221238938 0.5790697674418605
0.8495575221238938 0.5813953488372093
0.8539823008849557 0.5813953488372093
0.8584070796460177 0.5813953488372093
0.8761061946902655 0.5813953488372093
0.8893805309734514 0.5813953488372093
0.911504424778761 0.5813953488372093
0.915929203539823 0.5813953488372093
0.9292035398230089 0.5813953488372093
0.9336283185840708 0.5813953488372093
0.9513274336283186 0.5813953488372093
0.9646017699115044 0.5813953488372093
0.9646017699115044 0.5813953488372093
0.9734513274336283 0.5813953488372093
0.9778761061946902 0.5813953488372093
0.9867256637168141 0.5813953488372093
0.995575221238938 0.5813953488372093
LGTA: 
0.0 0.0
0.004424778761061947 0.011627906976744186
0.008849557522123894 0.023255813953488372
0.01327433628318584 0.03488372093023256
0.017699115044247787 0.046511627906976744
0.017699115044247787 0.05116279069767442
0.02654867256637168 0.06511627906976744
0.035398230088495575 0.08139534883720931
0.04424778761061947 0.09534883720930233
0.05309734513274336 0.10697674418604651
0.061946902654867256 0.11627906976744186
0.07079646017699115 0.12558139534883722
0.07964601769911504 0.13488372093023257
0.08849557522123894 0.14418604651162792
0.09734513274336283 0.1558139534883721
0.10176991150442478 0.16046511627906976
0.11504424778761062 0.1744186046511628
0.12389380530973451 0.18372093023255814
0.13716814159292035 0.1930232558139535
0.1504424778761062 0.20232558139534884
0.1592920353982301 0.21627906976744185
0.168141592920354 0.2302325581395349
0.17699115044247787 0.24186046511627907
0.18584070796460178 0.2558139534883721
0.19469026548672566 0.26976744186046514
0.20353982300884957 0.27906976744186046
0.2079646017699115 0.2837209302325581
0.21238938053097345 0.29069767441860467
0.21238938053097345 0.29767441860465116
0.22123893805309736 0.30930232558139537
0.2345132743362832 0.3209302325581395
0.24778761061946902 0.3325581395348837
0.26548672566371684 0.34418604651162793
0.27876106194690264 0.3581395348837209
0.2920353982300885 0.3697674418604651
0.3053097345132743 0.38372093023255816
0.3230088495575221 0.39069767441860465
0.3407079646017699 0.3953488372093023
0.35398230088495575 0.4046511627906977
0.36283185840707965 0.4069767441860465
0.3672566371681416 0.41627906976744183
0.37168141592920356 0.4232558139534884
0.3893805309734513 0.42790697674418604
0.40707964601769914 0.4372093023255814
0.4247787610619469 0.4372093023255814
0.4424778761061947 0.4418604651162791
0.46017699115044247 0.44883720930232557
0.4646017699115044 0.4511627906976744
0.4690265486725664 0.45348837209302323
0.4778761061946903 0.45813953488372094
0.4778761061946903 0.45813953488372094
0.4778761061946903 0.4627906976744186
0.5 0.4697674418604651
0.5221238938053098 0.4744186046511628
0.5398230088495575 0.4813953488372093
0.5575221238938053 0.48604651162790696
0.5796460176991151 0.4906976744186046
0.6017699115044248 0.49534883720930234
0.6238938053097345 0.5
0.6460176991150443 0.5046511627906977
0.6637168141592921 0.5046511627906977
0.6814159292035398 0.5093023255813953
0.6858407079646017 0.5162790697674419
0.6902654867256637 0.5162790697674419
0.7168141592920354 0.5255813953488372
0.7389380530973452 0.5279069767441861
0.7610619469026548 0.5279069767441861
0.7831858407079646 0.5302325581395348
0.8053097345132744 0.5348837209302325
0.827433628318584 0.5372093023255814
0.831858407079646 0.5441860465116279
0.8451327433628318 0.5465116279069767
0.8584070796460177 0.5488372093023256
0.8849557522123894 0.5488372093023256
0.911504424778761 0.5534883720930233
0.9380530973451328 0.5581395348837209
0.9424778761061947 0.5627906976744186
0.9690265486725663 0.5674418604651162
0.995575221238938 0.5720930232558139
