title: FPR vs Lag Time(Detection)
x_lable: False Positive Rate(From 0-1 FP Per-day)
y_lable: Lag Time(Detection)
GASDM: 
0.0 0.0
0.0 0.0
0.0 0.0
0.0 0.0
0.0 0.0
0.0 0.0
0.0 0.0
0.0 0.0
0.0 0.0
0.0 0.0
0.004424778761061947 0.0
0.008849557522123894 0.0
0.01327433628318584 0.0
0.017699115044247787 0.0
0.017699115044247787 0.002325581395348837
0.022123893805309734 0.002325581395348837
0.02654867256637168 0.002325581395348837
0.030973451327433628 0.002325581395348837
0.035398230088495575 0.002325581395348837
0.03982300884955752 0.002325581395348837
0.04424778761061947 0.002325581395348837
0.05309734513274336 0.002325581395348837
0.061946902654867256 0.002325581395348837
0.07079646017699115 0.002325581395348837
0.07964601769911504 0.002325581395348837
0.08849557522123894 0.002325581395348837
0.09292035398230089 0.004651162790697674
0.10176991150442478 0.004651162790697674
0.11061946902654868 0.004651162790697674
0.11946902654867257 0.004651162790697674
0.13274336283185842 0.004651162790697674
0.14601769911504425 0.004651162790697674
0.1504424778761062 0.004651162790697674
0.15486725663716813 0.0069767441860465115
0.168141592920354 0.0069767441860465115
0.18141592920353983 0.0069767441860465115
0.19469026548672566 0.0069767441860465115
0.2079646017699115 0.0069767441860465115
0.22123893805309736 0.0069767441860465115
0.2345132743362832 0.0069767441860465115
0.2345132743362832 0.011627906976744186
0.2345132743362832 0.01627906976744186
0.2345132743362832 0.020930232558139535
0.24336283185840707 0.020930232558139535
0.25663716814159293 0.020930232558139535
0.26991150442477874 0.020930232558139535
0.2831858407079646 0.020930232558139535
0.29646017699115046 0.020930232558139535
0.30973451327433627 0.020930232558139535
0.3141592920353982 0.020930232558139535
0.33185840707964603 0.020930232558139535
0.3407079646017699 0.020930232558139535
0.35398230088495575 0.020930232558139535
0.3672566371681416 0.020930232558139535
0.37610619469026546 0.020930232558139535
0.38495575221238937 0.023255813953488372
0.4026548672566372 0.023255813953488372
0.42035398230088494 0.023255813953488372
0.43805309734513276 0.023255813953488372
0.43805309734513276 0.030232558139534883
0.45132743362831856 0.030232558139534883
0.4646017699115044 0.030232558139534883
0.47345132743362833 0.03255813953488372
0.4778761061946903 0.03488372093023256
0.4823008849557522 0.037209302325581395
0.504424778761062 0.037209302325581395
0.5221238938053098 0.037209302325581395
0.5398230088495575 0.037209302325581395
0.5486725663716814 0.04186046511627907
0.5619469026548672 0.04186046511627907
0.5707964601769911 0.044186046511627906
0.5929203539823009 0.044186046511627906
0.6106194690265486 0.044186046511627906
0.6283185840707964 0.044186046511627906
0.6371681415929203 0.04883720930232558
0.6460176991150443 0.05116279069767442
0.6637168141592921 0.05116279069767442
0.6814159292035398 0.05116279069767442
0.6946902654867256 0.053488372093023255
0.7168141592920354 0.053488372093023255
0.7389380530973452 0.053488372093023255
0.7610619469026548 0.053488372093023255
0.7831858407079646 0.053488372093023255
0.8053097345132744 0.053488372093023255
0.827433628318584 0.053488372093023255
0.8495575221238938 0.053488372093023255
0.8672566371681416 0.053488372093023255
0.8849557522123894 0.05581395348837209
0.911504424778761 0.05581395348837209
0.9380530973451328 0.05581395348837209
0.9646017699115044 0.05581395348837209
0.9911504424778761 0.05581395348837209
NPHGS: 
0.004424778761061947 0.0
0.008849557522123894 0.0
0.008849557522123894 0.002325581395348837
0.017699115044247787 0.002325581395348837
0.02654867256637168 0.002325581395348837
0.035398230088495575 0.002325581395348837
0.03982300884955752 0.004651162790697674
0.048672566371681415 0.004651162790697674
0.05752212389380531 0.004651162790697674
0.07079646017699115 0.004651162790697674
0.084070796460177 0.004651162790697674
0.09734513274336283 0.004651162790697674
0.10176991150442478 0.0069767441860465115
0.10619469026548672 0.009302325581395349
0.11061946902654868 0.011627906976744186
0.12389380530973451 0.011627906976744186
0.13716814159292035 0.011627906976744186
0.1504424778761062 0.011627906976744186
0.16371681415929204 0.011627906976744186
0.16371681415929204 0.01627906976744186
0.17256637168141592 0.018604651162790697
0.1902654867256637 0.018604651162790697
0.19911504424778761 0.018604651162790697
0.21238938053097345 0.018604651162790697
0.2168141592920354 0.023255813953488372
0.22123893805309736 0.027906976744186046
0.23893805309734514 0.027906976744186046
0.25663716814159293 0.027906976744186046
0.27876106194690264 0.027906976744186046
0.2920353982300885 0.030232558139534883
0.3053097345132743 0.030232558139534883
0.3185840707964602 0.030232558139534883
0.3230088495575221 0.030232558139534883
0.33185840707964603 0.03255813953488372
0.3495575221238938 0.03488372093023256
0.35398230088495575 0.04186046511627907
0.3672566371681416 0.044186046511627906
0.38495575221238937 0.044186046511627906
0.3938053097345133 0.04883720930232558
0.4026548672566372 0.05116279069767442
0.42920353982300885 0.05116279069767442
0.4336283185840708 0.05116279069767442
0.4469026548672566 0.05116279069767442
0.4557522123893805 0.05116279069767442
0.4557522123893805 0.05813953488372093
0.4690265486725664 0.05813953488372093
0.4690265486725664 0.06511627906976744
0.4778761061946903 0.06744186046511629
0.48672566371681414 0.07441860465116279
0.5 0.07906976744186046
0.5088495575221239 0.08604651162790698
0.5265486725663717 0.08837209302325581
0.5265486725663717 0.09767441860465116
0.5442477876106194 0.09767441860465116
0.5619469026548672 0.09767441860465116
0.5796460176991151 0.09767441860465116
0.5796460176991151 0.10697674418604651
0.5929203539823009 0.10930232558139535
0.5973451327433629 0.11162790697674418
0.6017699115044248 0.11162790697674418
0.6061946902654868 0.11395348837209303
0.6061946902654868 0.11627906976744186
0.6061946902654868 0.12093023255813953
0.6283185840707964 0.12093023255813953
0.6504424778761062 0.12093023255813953
0.672566371681416 0.12093023255813953
0.6858407079646017 0.12558139534883722
0.7035398230088495 0.12558139534883722
0.7212389380530974 0.12790697674418605
0.7300884955752213 0.1372093023255814
0.7389380530973452 0.14418604651162792
0.7477876106194691 0.14651162790697675
0.7743362831858407 0.14883720930232558
0.7876106194690266 0.15813953488372093
0.8185840707964602 0.15813953488372093
0.8495575221238938 0.15813953488372093
0.8805309734513275 0.15813953488372093
0.911504424778761 0.15813953488372093
0.9292035398230089 0.15813953488372093
0.9292035398230089 0.16744186046511628
0.9292035398230089 0.17674418604651163
0.9292035398230089 0.1813953488372093
0.9292035398230089 0.19069767441860466
0.9292035398230089 0.19767441860465115
0.9424778761061947 0.19767441860465115
0.9557522123893806 0.2
0.9690265486725663 0.20232558139534884
0.9690265486725663 0.21395348837209302
0.9690265486725663 0.2255813953488372
0.9911504424778761 0.2255813953488372
EventTree: 
0.0 0.0
0.0 0.0
0.0 0.0
0.0 0.0
0.0 0.0
0.0 0.0
0.0 0.0
0.0 0.0
0.0 0.0
0.0 0.0
0.0 0.0
0.0 0.0
0.0 0.0
0.0 0.0
0.0 0.0
0.0 0.0
0.0 0.0
0.0 0.0
0.0 0.0
0.0 0.0
0.0 0.0
0.0 0.0
0.0 0.0
0.0 0.0
0.0 0.0
0.0 0.0
0.0 0.0
0.0 0.0
0.0 0.0
0.0 0.0
0.0 0.0
0.0 0.0
0.0 0.0
0.0 0.0
0.0 0.0
0.0 0.0
0.0 0.0
0.0 0.0
0.0 0.0
0.0 0.0
0.0 0.0
0.0 0.0
0.0 0.0
0.0 0.0
0.0 0.0
0.0 0.0
0.0 0.0
0.0 0.0
0.0 0.0
0.0 0.0
0.0 0.0
0.0 0.0
0.0 0.0
0.0 0.0
0.0 0.0
0.0 0.0
0.0 0.0
0.0 0.0
0.0 0.0
0.0 0.0
0.0 0.0
0.0 0.0
0.0 0.0
0.0 0.0
0.0 0.0
0.0 0.0
0.0 0.0
0.0 0.0
0.0 0.0
0.0 0.0
0.0 0.0
0.0 0.0
0.0 0.0
0.0 0.0
0.0 0.0
0.0 0.0
0.004424778761061947 0.0
0.008849557522123894 0.0
0.01327433628318584 0.0
0.017699115044247787 0.0
0.017699115044247787 0.002325581395348837
0.022123893805309734 0.002325581395348837
0.02654867256637168 0.002325581395348837
0.030973451327433628 0.002325581395348837
0.030973451327433628 0.004651162790697674
0.035398230088495575 0.004651162790697674
0.04424778761061947 0.004651162790697674
0.05309734513274336 0.004651162790697674
0.061946902654867256 0.004651162790697674
0.06637168141592921 0.0069767441860465115
0.0752212389380531 0.0069767441860465115
0.084070796460177 0.0069767441860465115
0.09292035398230089 0.0069767441860465115
0.10176991150442478 0.0069767441860465115
0.11061946902654868 0.0069767441860465115
0.11946902654867257 0.0069767441860465115
0.13274336283185842 0.0069767441860465115
0.14601769911504425 0.0069767441860465115
0.1592920353982301 0.0069767441860465115
0.17256637168141592 0.0069767441860465115
0.17699115044247787 0.009302325581395349
0.18141592920353983 0.011627906976744186
0.19469026548672566 0.011627906976744186
0.2079646017699115 0.011627906976744186
0.22123893805309736 0.011627906976744186
0.2345132743362832 0.011627906976744186
0.24778761061946902 0.011627906976744186
0.24778761061946902 0.01627906976744186
0.25663716814159293 0.01627906976744186
0.26991150442477874 0.01627906976744186
0.2743362831858407 0.018604651162790697
0.2920353982300885 0.018604651162790697
0.3053097345132743 0.018604651162790697
0.3141592920353982 0.020930232558139535
0.3230088495575221 0.023255813953488372
0.3230088495575221 0.030232558139534883
0.33185840707964603 0.030232558139534883
0.3407079646017699 0.030232558139534883
0.34513274336283184 0.03255813953488372
0.3584070796460177 0.03488372093023256
0.37168141592920356 0.03488372093023256
0.3805309734513274 0.03953488372093023
0.3938053097345133 0.03953488372093023
0.40707964601769914 0.03953488372093023
0.41150442477876104 0.04186046511627907
0.42035398230088494 0.04186046511627907
0.42035398230088494 0.05116279069767442
0.4336283185840708 0.05116279069767442
0.45132743362831856 0.05116279069767442
0.4690265486725664 0.05116279069767442
0.47345132743362833 0.05813953488372093
0.4823008849557522 0.05813953488372093
0.48672566371681414 0.06046511627906977
0.5088495575221239 0.06046511627906977
0.5309734513274337 0.06046511627906977
0.5575221238938053 0.06046511627906977
0.5575221238938053 0.06046511627906977
0.5707964601769911 0.06046511627906977
0.584070796460177 0.06046511627906977
0.588495575221239 0.06511627906976744
0.5973451327433629 0.06744186046511629
0.6283185840707964 0.06744186046511629
0.6460176991150443 0.06744186046511629
0.6637168141592921 0.06744186046511629
0.6814159292035398 0.06744186046511629
0.6814159292035398 0.07209302325581396
0.6814159292035398 0.08139534883720931
0.6814159292035398 0.09069767441860466
0.6946902654867256 0.09069767441860466
0.7079646017699115 0.09302325581395349
0.7212389380530974 0.09534883720930233
0.7300884955752213 0.09767441860465116
0.7389380530973452 0.1
0.7566371681415929 0.10232558139534884
0.7743362831858407 0.10465116279069768
0.7831858407079646 0.10930232558139535
0.7831858407079646 0.12093023255813953
0.7831858407079646 0.1325581395348837
0.8053097345132744 0.1325581395348837
0.827433628318584 0.1325581395348837
0.8495575221238938 0.1325581395348837
0.8495575221238938 0.14651162790697675
0.8495575221238938 0.14883720930232558
0.8539823008849557 0.14883720930232558
0.8584070796460177 0.14883720930232558
0.8761061946902655 0.14883720930232558
0.8893805309734514 0.14883720930232558
0.911504424778761 0.14883720930232558
0.915929203539823 0.14883720930232558
0.9292035398230089 0.14883720930232558
0.9336283185840708 0.14883720930232558
0.9513274336283186 0.14883720930232558
0.9646017699115044 0.14883720930232558
0.9646017699115044 0.14883720930232558
0.9734513274336283 0.14883720930232558
0.9778761061946902 0.14883720930232558
0.9867256637168141 0.14883720930232558
0.995575221238938 0.14883720930232558
LGTA: 
0.0 0.0
0.004424778761061947 0.0
0.008849557522123894 0.0
0.01327433628318584 0.0
0.017699115044247787 0.0
0.017699115044247787 0.002325581395348837
0.02654867256637168 0.002325581395348837
0.035398230088495575 0.002325581395348837
0.04424778761061947 0.002325581395348837
0.05309734513274336 0.002325581395348837
0.061946902654867256 0.002325581395348837
0.07079646017699115 0.002325581395348837
0.07964601769911504 0.002325581395348837
0.08849557522123894 0.002325581395348837
0.09734513274336283 0.002325581395348837
0.10176991150442478 0.002325581395348837
0.11504424778761062 0.002325581395348837
0.12389380530973451 0.002325581395348837
0.13716814159292035 0.002325581395348837
0.1504424778761062 0.002325581395348837
0.1592920353982301 0.004651162790697674
0.168141592920354 0.0069767441860465115
0.17699115044247787 0.009302325581395349
0.18584070796460178 0.011627906976744186
0.19469026548672566 0.013953488372093023
0.20353982300884957 0.01627906976744186
0.2079646017699115 0.018604651162790697
0.21238938053097345 0.020930232558139535
0.21238938053097345 0.02558139534883721
0.22123893805309736 0.027906976744186046
0.2345132743362832 0.030232558139534883
0.24778761061946902 0.03255813953488372
0.26548672566371684 0.03255813953488372
0.27876106194690264 0.03488372093023256
0.2920353982300885 0.037209302325581395
0.3053097345132743 0.03953488372093023
0.3230088495575221 0.03953488372093023
0.3407079646017699 0.03953488372093023
0.35398230088495575 0.04186046511627907
0.36283185840707965 0.044186046511627906
0.3672566371681416 0.04883720930232558
0.37168141592920356 0.053488372093023255
0.3893805309734513 0.05581395348837209
0.40707964601769914 0.05813953488372093
0.4247787610619469 0.05813953488372093
0.4424778761061947 0.05813953488372093
0.46017699115044247 0.05813953488372093
0.4646017699115044 0.06511627906976744
0.4690265486725664 0.07209302325581396
0.4778761061946903 0.07674418604651163
0.4778761061946903 0.08139534883720931
0.4778761061946903 0.08837209302325581
0.5 0.09069767441860466
0.5221238938053098 0.09069767441860466
0.5398230088495575 0.09302325581395349
0.5575221238938053 0.09534883720930233
0.5796460176991151 0.09534883720930233
0.6017699115044248 0.09534883720930233
0.6238938053097345 0.09534883720930233
0.6460176991150443 0.09534883720930233
0.6637168141592921 0.09534883720930233
0.6814159292035398 0.09534883720930233
0.6858407079646017 0.10232558139534884
0.6902654867256637 0.10232558139534884
0.7168141592920354 0.10465116279069768
0.7389380530973452 0.10465116279069768
0.7610619469026548 0.10465116279069768
0.7831858407079646 0.10465116279069768
0.8053097345132744 0.10465116279069768
0.827433628318584 0.10465116279069768
0.831858407079646 0.11395348837209303
0.8451327433628318 0.1186046511627907
0.8584070796460177 0.12325581395348838
0.8849557522123894 0.12325581395348838
0.911504424778761 0.12325581395348838
0.9380530973451328 0.12325581395348838
0.9424778761061947 0.12790697674418605
0.9690265486725663 0.12790697674418605
0.995575221238938 0.13023255813953488
