title: FPR vs TPR(Forecasting)
x_lable: False Positive Rate(From 0-1 FP Per-day)
y_lable: True Positive Rate(Forecasting)
GASDM: 
0.0 0.016172506738544475
0.0 0.016172506738544475
0.0 0.016172506738544475
0.0 0.016172506738544475
0.0 0.016172506738544475
0.0 0.016172506738544475
0.0 0.016172506738544475
0.0 0.016172506738544475
0.0 0.016172506738544475
0.004424778761061947 0.03234501347708895
0.008849557522123894 0.04851752021563342
0.008849557522123894 0.06199460916442048
0.01327433628318584 0.07547169811320754
0.017699115044247787 0.0889487870619946
0.022123893805309734 0.10242587601078167
0.02654867256637168 0.11590296495956873
0.030973451327433628 0.1293800539083558
0.035398230088495575 0.14285714285714285
0.03982300884955752 0.15633423180592992
0.048672566371681415 0.1725067385444744
0.05752212389380531 0.18867924528301888
0.06637168141592921 0.20485175202156333
0.0752212389380531 0.2210242587601078
0.084070796460177 0.2371967654986523
0.08849557522123894 0.25067385444743934
0.09734513274336283 0.2641509433962264
0.10619469026548672 0.2776280323450135
0.11504424778761062 0.29110512129380056
0.12389380530973451 0.3045822102425876
0.13716814159292035 0.32345013477088946
0.1415929203539823 0.33423180592991913
0.15486725663716813 0.3504043126684636
0.168141592920354 0.3665768194070081
0.18141592920353983 0.38274932614555257
0.19469026548672566 0.39892183288409705
0.2079646017699115 0.41509433962264153
0.2079646017699115 0.42587601078167114
0.2079646017699115 0.4366576819407008
0.22123893805309736 0.4501347708894879
0.2345132743362832 0.4636118598382749
0.24778761061946902 0.477088948787062
0.2610619469026549 0.49056603773584906
0.2743362831858407 0.5067385444743935
0.27876106194690264 0.5148247978436657
0.29646017699115046 0.5309973045822103
0.3053097345132743 0.5390835579514824
0.3141592920353982 0.5471698113207547
0.3274336283185841 0.5579514824797843
0.34513274336283184 0.5714285714285714
0.36283185840707965 0.5849056603773585
0.38495575221238937 0.5983827493261455
0.39823008849557523 0.6064690026954178
0.40707964601769914 0.6145552560646901
0.4247787610619469 0.6226415094339622
0.4424778761061947 0.6307277628032345
0.45132743362831856 0.6388140161725068
0.4646017699115044 0.6442048517520216
0.47345132743362833 0.6495956873315364
0.49557522123893805 0.6576819407008087
0.5221238938053098 0.6657681940700808
0.5309734513274337 0.6711590296495957
0.5353982300884956 0.6765498652291105
0.5530973451327433 0.6819407008086253
0.5619469026548672 0.6873315363881402
0.5707964601769911 0.692722371967655
0.588495575221239 0.6981132075471698
0.6061946902654868 0.7035040431266847
0.6238938053097345 0.7088948787061995
0.6415929203539823 0.7142857142857143
0.6592920353982301 0.7196765498652291
0.672566371681416 0.7250673854447439
0.6814159292035398 0.7304582210242587
0.7035398230088495 0.7358490566037735
0.7256637168141593 0.7412398921832885
0.7477876106194691 0.7466307277628033
0.7699115044247787 0.7520215633423181
0.7920353982300885 0.7574123989218329
0.8141592920353983 0.7628032345013477
0.831858407079646 0.7681940700808625
0.8584070796460177 0.7735849056603774
0.8849557522123894 0.7789757412398922
0.911504424778761 0.784366576819407
0.9247787610619469 0.7870619946091644
0.9557522123893806 0.7924528301886793
0.9734513274336283 0.7951482479784366
0.9867256637168141 0.7978436657681941
1.0 0.8005390835579514
NPHGS: 
0.004424778761061947 0.016172506738544475
0.008849557522123894 0.03234501347708895
0.01327433628318584 0.04582210242587601
0.01327433628318584 0.05660377358490566
0.022123893805309734 0.07277628032345014
0.030973451327433628 0.0862533692722372
0.03982300884955752 0.09973045822102426
0.05309734513274336 0.11859838274932614
0.06637168141592921 0.13746630727762804
0.07079646017699115 0.14824797843665768
0.0752212389380531 0.15902964959568733
0.08849557522123894 0.1752021563342318
0.10176991150442478 0.19137466307277629
0.11504424778761062 0.20754716981132076
0.12831858407079647 0.22371967654986524
0.1415929203539823 0.2371967654986523
0.1504424778761062 0.25067385444743934
0.168141592920354 0.2668463611859838
0.17699115044247787 0.2749326145552561
0.1902654867256637 0.2857142857142857
0.19469026548672566 0.29649595687331537
0.19911504424778761 0.30727762803234504
0.2168141592920354 0.32075471698113206
0.23893805309734514 0.33423180592991913
0.2610619469026549 0.3477088948787062
0.2743362831858407 0.3557951482479784
0.2831858407079646 0.3611859838274933
0.28761061946902655 0.3638814016172507
0.2920353982300885 0.3665768194070081
0.2920353982300885 0.3692722371967655
0.3008849557522124 0.37735849056603776
0.3053097345132743 0.38544474393531
0.3230088495575221 0.39622641509433965
0.3407079646017699 0.40431266846361186
0.3495575221238938 0.4123989218328841
0.3584070796460177 0.42048517520215634
0.3584070796460177 0.42587601078167114
0.36283185840707965 0.431266846361186
0.36283185840707965 0.4366576819407008
0.36283185840707965 0.4420485175202156
0.37168141592920356 0.4474393530997305
0.3805309734513274 0.4555256064690027
0.3893805309734513 0.4636118598382749
0.40707964601769914 0.4716981132075472
0.4336283185840708 0.4797843665768194
0.45132743362831856 0.48517520215633425
0.4690265486725664 0.49056603773584906
0.4690265486725664 0.49595687331536387
0.4823008849557522 0.5013477088948787
0.5 0.5067385444743935
0.504424778761062 0.5094339622641509
0.5088495575221239 0.5121293800539084
0.5088495575221239 0.5148247978436657
0.5088495575221239 0.5175202156334232
0.5309734513274337 0.522911051212938
0.5530973451327433 0.5283018867924528
0.5752212389380531 0.5336927223719676
0.584070796460177 0.5390835579514824
0.6061946902654868 0.5444743935309974
0.6194690265486725 0.5498652291105122
0.6371681415929203 0.555256064690027
0.6548672566371682 0.5606469002695418
0.6637168141592921 0.5660377358490566
0.6769911504424779 0.568733153638814
0.6858407079646017 0.5714285714285714
0.6991150442477876 0.5768194070080862
0.7300884955752213 0.5822102425876011
0.7610619469026548 0.5876010781671159
0.7920353982300885 0.5929919137466307
0.827433628318584 0.5983827493261455
0.8451327433628318 0.601078167115903
0.8628318584070797 0.6037735849056604
0.8628318584070797 0.6064690026954178
0.8805309734513275 0.6091644204851752
0.8805309734513275 0.6118598382749326
0.8805309734513275 0.6145552560646901
0.8938053097345132 0.6172506738544474
0.9070796460176991 0.6199460916442049
0.9070796460176991 0.6226415094339622
0.9070796460176991 0.6253369272237197
0.9292035398230089 0.628032345013477
0.9513274336283186 0.6307277628032345
0.9646017699115044 0.633423180592992
0.9911504424778761 0.6361185983827493
EventTree: 
0.0 0.0026954177897574125
0.0 0.0026954177897574125
0.0 0.0026954177897574125
0.0 0.0026954177897574125
0.0 0.0026954177897574125
0.0 0.0026954177897574125
0.0 0.0026954177897574125
0.0 0.0026954177897574125
0.0 0.0026954177897574125
0.0 0.0026954177897574125
0.0 0.0026954177897574125
0.0 0.0026954177897574125
0.0 0.0026954177897574125
0.0 0.0026954177897574125
0.0 0.0026954177897574125
0.0 0.0026954177897574125
0.0 0.0026954177897574125
0.0 0.0026954177897574125
0.0 0.0026954177897574125
0.0 0.0026954177897574125
0.0 0.0026954177897574125
0.0 0.0026954177897574125
0.0 0.0026954177897574125
0.0 0.0026954177897574125
0.0 0.0026954177897574125
0.0 0.0026954177897574125
0.0 0.0026954177897574125
0.0 0.0026954177897574125
0.0 0.0026954177897574125
0.0 0.0026954177897574125
0.0 0.0026954177897574125
0.0 0.0026954177897574125
0.0 0.0026954177897574125
0.0 0.0026954177897574125
0.0 0.0026954177897574125
0.0 0.0026954177897574125
0.0 0.0026954177897574125
0.0 0.0026954177897574125
0.0 0.0026954177897574125
0.0 0.0026954177897574125
0.0 0.0026954177897574125
0.0 0.0026954177897574125
0.0 0.0026954177897574125
0.0 0.0026954177897574125
0.0 0.0026954177897574125
0.0 0.0026954177897574125
0.0 0.0026954177897574125
0.0 0.0026954177897574125
0.0 0.0026954177897574125
0.0 0.0026954177897574125
0.0 0.0026954177897574125
0.0 0.0026954177897574125
0.0 0.0026954177897574125
0.0 0.0026954177897574125
0.0 0.0026954177897574125
0.0 0.0026954177897574125
0.0 0.0026954177897574125
0.0 0.0026954177897574125
0.0 0.0026954177897574125
0.0 0.0026954177897574125
0.0 0.0026954177897574125
0.0 0.0026954177897574125
0.0 0.0026954177897574125
0.0 0.0026954177897574125
0.0 0.0026954177897574125
0.0 0.0026954177897574125
0.0 0.0026954177897574125
0.0 0.0026954177897574125
0.0 0.0026954177897574125
0.0 0.0026954177897574125
0.0 0.0026954177897574125
0.0 0.0026954177897574125
0.0 0.0026954177897574125
0.0 0.0026954177897574125
0.0 0.0026954177897574125
0.004424778761061947 0.018867924528301886
0.008849557522123894 0.03504043126684636
0.01327433628318584 0.05121293800539083
0.01327433628318584 0.0646900269541779
0.017699115044247787 0.07816711590296496
0.022123893805309734 0.09164420485175202
0.02654867256637168 0.10512129380053908
0.035398230088495575 0.12129380053908356
0.04424778761061947 0.13746630727762804
0.05309734513274336 0.15363881401617252
0.05752212389380531 0.16711590296495957
0.06637168141592921 0.18059299191374664
0.0752212389380531 0.1940700808625337
0.084070796460177 0.20754716981132076
0.09292035398230089 0.2210242587601078
0.10176991150442478 0.23450134770889489
0.11061946902654868 0.24797843665768193
0.12389380530973451 0.2668463611859838
0.13716814159292035 0.2857142857142857
0.1415929203539823 0.29649595687331537
0.14601769911504425 0.30727762803234504
0.1504424778761062 0.31805929919137466
0.16371681415929204 0.33423180592991913
0.17699115044247787 0.3504043126684636
0.1902654867256637 0.3665768194070081
0.20353982300884957 0.38274932614555257
0.21238938053097345 0.3935309973045822
0.21238938053097345 0.40431266846361186
0.22123893805309736 0.41509433962264153
0.22566371681415928 0.42048517520215634
0.23893805309734514 0.4339622641509434
0.25663716814159293 0.4501347708894879
0.26991150442477874 0.4609164420485175
0.28761061946902655 0.4743935309973046
0.30973451327433627 0.48787061994609165
0.33185840707964603 0.5013477088948787
0.33185840707964603 0.5094339622641509
0.34513274336283184 0.5175202156334232
0.3584070796460177 0.5256064690026954
0.3672566371681416 0.5309973045822103
0.3805309734513274 0.5390835579514824
0.39823008849557523 0.5471698113207547
0.40707964601769914 0.555256064690027
0.42035398230088494 0.5606469002695418
0.42920353982300885 0.5660377358490566
0.42920353982300885 0.5714285714285714
0.4469026548672566 0.5768194070080862
0.4646017699115044 0.5822102425876011
0.4823008849557522 0.5876010781671159
0.5 0.5929919137466307
0.504424778761062 0.5983827493261455
0.5132743362831859 0.601078167115903
0.5176991150442478 0.6037735849056604
0.5176991150442478 0.6064690026954178
0.5353982300884956 0.6118598382749326
0.5619469026548672 0.6172506738544474
0.5619469026548672 0.6199460916442049
0.5752212389380531 0.6226415094339622
0.588495575221239 0.6253369272237197
0.6017699115044248 0.628032345013477
0.6150442477876106 0.6307277628032345
0.6238938053097345 0.633423180592992
0.6283185840707964 0.6361185983827493
0.6371681415929203 0.6388140161725068
0.6460176991150443 0.6415094339622641
0.6637168141592921 0.6442048517520216
0.6814159292035398 0.6469002695417789
0.6991150442477876 0.6495956873315364
0.7168141592920354 0.6522911051212938
0.7168141592920354 0.6549865229110512
0.7168141592920354 0.6576819407008087
0.7300884955752213 0.660377358490566
0.7433628318584071 0.6630727762803235
0.7522123893805309 0.6657681940700808
0.7699115044247787 0.6684636118598383
0.7787610619469026 0.6711590296495957
0.7787610619469026 0.6738544474393531
0.7787610619469026 0.6765498652291105
0.8053097345132744 0.6792452830188679
0.8053097345132744 0.6792452830188679
0.8053097345132744 0.6792452830188679
0.8097345132743363 0.6792452830188679
0.8141592920353983 0.6792452830188679
0.831858407079646 0.6792452830188679
0.8451327433628318 0.6792452830188679
0.8672566371681416 0.6792452830188679
0.8716814159292036 0.6792452830188679
0.8849557522123894 0.6792452830188679
0.8893805309734514 0.6792452830188679
0.9070796460176991 0.6792452830188679
0.9203539823008849 0.6792452830188679
0.9469026548672567 0.6792452830188679
0.9734513274336283 0.6792452830188679
1.0 0.6792452830188679
1.0 0.6792452830188679
LGTA: 
0.0 0.0
0.004424778761061947 0.016172506738544475
0.008849557522123894 0.03234501347708895
0.01327433628318584 0.04851752021563342
0.022123893805309734 0.0673854447439353
0.030973451327433628 0.0862533692722372
0.03982300884955752 0.10242587601078167
0.048672566371681415 0.11859838274932614
0.05752212389380531 0.1320754716981132
0.06637168141592921 0.14555256064690028
0.0752212389380531 0.15902964959568733
0.08849557522123894 0.1752021563342318
0.10176991150442478 0.18867924528301888
0.11504424778761062 0.20215633423180593
0.12831858407079647 0.215633423180593
0.1415929203539823 0.22911051212938005
0.1504424778761062 0.24258760107816713
0.1592920353982301 0.2560646900269542
0.168141592920354 0.2695417789757412
0.17699115044247787 0.2830188679245283
0.18584070796460178 0.29649595687331537
0.1902654867256637 0.3045822102425876
0.19469026548672566 0.31266846361185985
0.19469026548672566 0.32075471698113206
0.20353982300884957 0.33153638814016173
0.2168141592920354 0.3450134770889488
0.2345132743362832 0.3584905660377358
0.252212389380531 0.3719676549865229
0.26548672566371684 0.38544474393531
0.27876106194690264 0.39892183288409705
0.2920353982300885 0.4123989218328841
0.30973451327433627 0.42318059299191374
0.3230088495575221 0.4339622641509434
0.336283185840708 0.444743935309973
0.34513274336283184 0.4528301886792453
0.3495575221238938 0.4609164420485175
0.35398230088495575 0.46900269541778977
0.3584070796460177 0.477088948787062
0.37610619469026546 0.48517520215633425
0.3938053097345133 0.49326145552560646
0.39823008849557523 0.5013477088948787
0.40707964601769914 0.5094339622641509
0.415929203539823 0.5148247978436657
0.415929203539823 0.5202156334231806
0.4336283185840708 0.5283018867924528
0.45132743362831856 0.5363881401617251
0.47345132743362833 0.5444743935309974
0.49557522123893805 0.5525606469002695
0.5176991150442478 0.5606469002695418
0.5398230088495575 0.568733153638814
0.5575221238938053 0.5741239892183289
0.5619469026548672 0.5795148247978437
0.5752212389380531 0.5849056603773585
0.6017699115044248 0.5929919137466307
0.6238938053097345 0.5983827493261455
0.6460176991150443 0.6037735849056604
0.668141592920354 0.6091644204851752
0.6902654867256637 0.6145552560646901
0.6946902654867256 0.6199460916442049
0.7079646017699115 0.6253369272237197
0.7345132743362832 0.6307277628032345
0.7610619469026548 0.6361185983827493
0.7876106194690266 0.6415094339622641
0.8141592920353983 0.6469002695417789
0.8407079646017699 0.6522911051212938
0.8451327433628318 0.6549865229110512
0.8495575221238938 0.6576819407008087
0.8761061946902655 0.6630727762803235
0.9070796460176991 0.6684636118598383
0.9247787610619469 0.6711590296495957
0.9557522123893806 0.6765498652291105
0.9734513274336283 0.6792452830188679
0.9778761061946902 0.6819407008086253
0.9823008849557522 0.6846361185983828
