1 [ 0 0 0 0 0 0 0 0 0 0 0 0 0 0 0 0 0 0 0 0 0 0 0 0 0 0 0 0 0 0 0 0 0 0 ]
2 [ 0 0 0 0 0 0 0 0 0 0 0 0 0 0 0 0 0 0 0 0 0 0 0 0 0 0 0 0 0 0 0 0 0 0 ]
3 [ 0 0 0 0 0 0 0 0 0 0 0 0 0 1 0 0 0 0 0 0 0 0 0 0 0 0 0 0 0 0 0 0 0 1 ]
4 [ 1 1 1 0 0 1 0 1 0 0 0 0 0 0 1 0 0 0 0 0 0 0 0 0 0 0 0 0 0 0 0 0 0 0 ]
5 [ 1 1 0 1 0 1 0 0 1 1 0 1 0 0 0 1 1 0 0 1 0 0 0 0 0 1 0 0 0 0 0 0 0 1 ]
6 [ 0 0 1 1 1 1 1 0 1 0 0 0 0 1 0 0 0 0 0 1 0 1 0 1 0 1 0 1 0 0 0 0 0 1 ]
7 [ 0 0 1 1 0 1 0 1 0 0 0 0 0 0 1 0 0 0 0 0 1 1 0 0 0 0 0 0 0 0 0 0 0 0 ]
8 [ 1 0 1 1 1 1 0 0 0 0 0 0 0 0 0 0 0 0 0 0 0 0 0 0 0 0 0 0 0 0 0 0 0 0 ]
9 [ 0 0 0 0 0 0 0 0 0 0 0 0 0 0 0 0 0 0 0 0 0 0 0 0 0 0 0 0 0 0 0 0 0 0 ]
10 [ 1 0 0 0 0 1 0 0 0 0 1 1 0 1 0 0 0 1 0 1 0 0 0 0 0 1 0 0 0 0 0 0 0 1 ]
11 [ 0 0 1 1 0 1 0 0 0 0 1 0 0 1 0 0 0 0 0 1 1 0 1 0 0 1 0 1 0 0 0 0 0 1 ]
12 [ 1 0 0 0 1 1 1 0 0 0 1 1 1 1 0 0 0 1 0 1 0 0 1 0 0 1 0 0 0 1 0 0 0 1 ]
13 [ 1 0 1 0 1 1 1 0 0 1 1 0 0 1 0 0 1 1 1 1 1 0 1 1 0 1 0 0 0 0 0 0 1 1 ]
14 [ 1 0 1 1 0 1 1 0 0 0 1 0 0 0 0 1 1 0 0 0 1 0 1 0 0 0 0 1 0 0 0 0 0 0 ]
15 [ 1 0 1 0 1 0 1 0 0 1 0 0 0 0 0 1 1 0 0 1 0 0 1 0 0 0 0 1 0 0 0 0 0 0 ]
16 [ 0 0 0 0 0 0 0 0 0 0 1 0 0 0 0 1 1 0 0 0 0 0 1 0 1 0 0 1 0 0 0 0 0 0 ]
17 [ 0 1 0 0 0 0 0 0 0 0 1 0 1 0 0 0 0 0 0 0 1 0 1 0 0 1 0 1 0 0 0 0 0 1 ]
18 [ 0 0 0 0 0 0 0 0 0 0 1 0 0 0 0 1 0 0 0 0 0 0 1 0 0 0 0 0 0 0 0 0 0 0 ]
19 [ 0 0 0 0 0 0 0 0 0 0 0 0 0 0 0 1 0 0 0 1 1 0 1 0 0 0 0 0 0 0 0 0 0 0 ]
20 [ 0 1 0 1 1 0 0 0 0 0 1 0 1 1 0 0 1 1 0 1 1 0 1 0 0 1 0 0 1 0 0 0 0 1 ]
21 [ 1 0 1 1 0 1 1 1 0 0 1 0 0 0 0 0 1 0 0 0 0 0 1 0 0 0 0 0 0 0 0 0 0 0 ]
22 [ 0 1 1 0 0 0 0 1 0 1 0 1 0 1 0 0 1 0 1 1 1 0 1 0 0 1 0 1 0 0 0 0 0 1 ]
23 [ 0 0 1 0 1 0 0 0 0 0 0 0 0 0 0 0 0 0 0 0 0 0 1 0 0 0 0 0 0 0 0 0 0 0 ]
24 [ 1 1 1 0 1 1 0 0 1 1 0 0 1 1 0 0 0 0 0 1 1 0 1 0 0 1 0 1 0 0 0 0 0 1 ]
25 [ 0 0 1 0 1 1 1 0 0 0 0 1 1 1 0 0 1 0 0 1 1 0 1 1 0 1 0 0 0 0 0 0 0 1 ]
26 [ 0 0 1 0 1 0 1 1 1 1 0 1 0 1 0 0 1 0 0 0 1 0 1 0 0 1 0 1 0 0 0 0 0 1 ]
27 [ 1 1 1 1 1 0 1 0 1 0 1 1 0 1 1 0 1 0 1 1 1 0 0 0 0 1 0 1 0 0 1 0 1 1 ]
28 [ 1 1 0 0 1 0 0 1 0 0 1 0 0 1 0 0 0 0 0 1 1 0 1 1 0 1 0 1 0 0 0 0 1 1 ]
29 [ 0 1 0 0 0 0 1 0 0 0 0 0 0 0 0 0 0 0 0 0 0 0 1 0 0 0 0 0 0 0 0 0 0 1 ]
30 [ 0 0 0 0 1 0 1 0 0 0 0 0 0 1 0 0 1 1 0 0 1 0 1 0 1 1 0 0 0 0 0 0 0 0 ]
31 [ 0 0 1 1 1 0 1 0 0 1 1 0 0 0 0 0 0 0 1 0 0 1 1 0 0 1 0 0 0 0 0 0 0 1 ]
32 [ 0 0 0 0 0 0 0 0 0 0 0 0 0 0 0 0 0 1 0 0 0 0 1 0 0 0 0 0 0 0 0 0 0 0 ]
33 [ 0 0 1 0 0 0 0 0 0 0 0 1 0 0 0 0 1 1 0 0 0 0 0 0 0 0 0 0 0 0 0 0 0 0 ]
34 [ 0 0 0 0 0 0 0 0 0 0 0 0 0 0 1 0 0 1 0 0 0 0 0 0 0 0 0 0 0 0 0 0 0 0 ]
35 [ 1 1 1 0 1 0 0 0 0 0 1 1 1 1 0 0 0 1 1 1 1 0 0 0 0 1 0 1 1 0 0 0 1 1 ]
36 [ 0 0 0 0 0 1 0 0 0 0 0 1 0 0 1 0 0 0 0 0 0 0 0 0 0 0 0 0 0 0 0 0 0 0 ]
37 [ 0 0 0 0 0 1 0 0 0 0 1 0 0 0 0 0 0 1 0 0 0 0 0 0 0 1 0 0 0 0 1 0 1 1 ]
38 [ 1 1 1 0 0 0 0 0 1 0 1 0 0 1 1 0 1 0 0 1 0 0 0 1 1 0 0 1 0 0 0 0 1 1 ]
39 [ 0 0 1 0 0 1 0 0 0 0 0 1 1 0 0 0 0 0 0 1 0 0 1 1 0 0 0 0 0 0 0 0 0 0 ]
40 [ 0 0 1 0 0 1 0 0 0 0 1 1 0 1 0 0 0 1 0 0 0 0 1 1 0 0 0 0 0 0 0 0 0 0 ]
41 [ 1 0 1 1 1 1 0 1 0 0 1 0 0 1 0 0 1 0 0 1 1 0 0 0 0 1 0 0 0 0 0 0 0 1 ]
42 [ 1 1 1 1 1 1 0 0 0 0 0 1 1 0 0 0 1 0 1 1 1 1 0 1 0 1 0 1 0 0 0 0 1 1 ]
43 [ 0 0 1 0 0 1 0 1 0 0 0 1 0 0 0 1 0 0 0 0 0 0 0 0 0 0 0 0 0 0 0 0 0 0 ]
44 [ 0 0 0 0 0 0 0 0 0 0 0 0 0 0 0 0 0 0 0 0 0 0 0 0 0 0 0 0 0 0 0 0 0 0 ]
45 [ 0 0 0 0 0 0 0 0 0 0 0 0 0 0 0 0 0 0 0 0 0 0 0 0 0 0 0 0 0 0 0 0 0 0 ]
46 [ 0 0 0 0 0 0 0 0 0 0 0 0 0 0 0 0 0 0 0 0 0 0 0 0 0 0 0 0 0 0 0 0 0 0 ]
47 [ 0 0 0 0 0 0 0 0 0 0 0 0 0 0 0 0 0 0 0 0 0 0 0 0 0 0 0 0 0 0 0 0 0 0 ]
48 [ 0 0 0 0 0 0 0 0 0 0 0 0 0 0 0 0 0 0 0 0 0 0 0 0 0 0 0 0 0 0 0 0 0 0 ]
49 [ 0 0 0 0 0 0 0 0 0 0 0 0 0 0 0 0 0 0 0 0 0 0 0 0 0 0 0 0 0 0 0 0 0 0 ]
50 [ 0 0 0 0 0 0 0 0 0 0 0 0 0 0 0 0 0 0 0 0 0 0 0 0 0 0 0 0 0 0 0 0 0 0 ]
51 [ 0 0 0 0 0 0 0 0 0 0 0 0 0 0 0 0 0 0 0 0 0 0 0 0 0 0 0 0 0 0 0 0 0 0 ]
52 [ 0 0 0 0 0 0 0 0 0 0 0 0 0 0 0 0 0 0 0 0 0 0 0 0 0 0 0 0 0 0 0 0 0 0 ]
53 [ 0 0 0 0 0 0 0 0 0 0 0 0 0 0 0 0 0 0 0 0 0 0 0 0 0 0 0 0 0 0 0 0 0 0 ]
54 [ 0 0 0 0 0 0 0 0 0 0 0 0 0 0 0 0 0 0 0 0 0 0 0 0 0 0 0 0 0 0 0 0 0 0 ]
55 [ 0 0 0 0 0 0 0 0 0 0 0 0 0 0 0 0 0 0 0 0 0 0 0 0 0 0 0 0 0 0 0 0 0 0 ]
56 [ 0 1 1 0 0 0 1 0 0 0 1 0 1 1 0 0 1 1 0 0 1 0 0 0 1 0 0 0 0 1 0 0 0 1 ]
57 [ 0 0 1 0 0 1 0 0 0 0 0 1 0 1 1 0 0 0 0 0 1 0 0 0 0 0 0 0 0 0 0 0 0 0 ]
58 [ 0 1 1 0 1 1 0 0 1 0 0 0 0 1 0 0 0 1 0 0 1 1 0 0 0 1 0 1 0 0 0 0 0 1 ]
59 [ 0 1 1 1 0 1 0 1 1 1 0 0 0 1 0 0 0 1 1 1 1 1 0 0 0 1 0 0 0 0 0 0 0 1 ]
60 [ 1 1 1 1 1 0 1 0 1 1 1 1 0 1 1 0 1 1 0 1 1 1 0 1 0 1 0 1 0 0 1 0 0 1 ]
61 [ 0 0 1 1 0 1 0 0 0 0 0 0 0 0 0 0 0 0 0 0 0 0 0 0 0 1 0 0 0 0 0 0 0 0 ]
62 [ 0 0 0 1 0 1 0 0 0 0 0 1 0 0 0 0 0 0 0 0 0 0 0 0 0 0 0 0 0 0 0 0 0 0 ]
63 [ 0 0 1 1 0 1 0 0 0 0 0 1 1 0 1 0 0 0 0 0 1 0 0 0 0 0 0 0 0 0 0 0 0 0 ]
64 [ 0 0 1 0 1 1 1 0 1 0 0 1 1 1 0 0 0 1 0 1 1 0 0 0 1 1 1 1 1 1 0 0 1 1 ]
65 [ 0 1 0 1 0 1 1 0 1 0 1 1 0 1 0 0 1 0 0 1 0 0 0 0 0 1 0 1 0 0 0 0 0 1 ]
66 [ 0 0 0 0 0 0 0 0 0 0 0 0 0 0 0 0 0 0 0 1 1 0 0 0 0 1 0 1 0 0 0 0 0 1 ]
67 [ 1 0 1 1 1 1 0 1 0 0 0 0 0 0 0 0 0 0 0 0 0 0 0 0 0 0 0 0 0 0 0 0 0 0 ]
68 [ 0 1 1 0 1 0 1 0 1 0 1 1 1 1 1 0 1 0 0 1 1 0 0 0 1 1 0 1 0 0 0 0 0 1 ]
69 [ 0 1 1 1 1 0 1 0 0 0 1 1 1 1 0 0 1 0 0 1 1 0 0 1 0 1 0 1 0 0 0 0 0 1 ]
70 [ 0 1 1 0 1 1 0 0 0 1 1 1 0 1 1 0 1 1 1 1 1 1 0 1 1 1 0 1 1 1 0 0 1 1 ]
71 [ 0 0 0 0 0 0 0 0 0 0 0 0 0 0 1 0 0 0 0 0 0 0 0 0 0 0 0 0 0 0 0 0 0 0 ]
72 [ 0 0 0 0 0 0 0 0 0 0 0 0 0 0 0 0 0 0 0 0 0 0 0 0 0 0 0 0 0 0 0 0 0 0 ]
2014-06-22 [ 0 0 0 1 0 1 0 0 0 0 0 0 0 0 0 0 0 0 0 0 0 0 0 0 0 0 0 0 0 0 0 0 0 0 ]
2014-06-23 [ 0 0 0 1 0 1 0 0 0 0 0 0 0 0 0 0 0 0 0 0 0 0 1 0 0 0 0 0 0 0 0 0 0 0 ]
2014-06-24 [ 1 0 1 0 0 1 0 1 0 0 0 0 0 0 1 0 0 0 0 0 0 0 0 0 0 0 0 0 0 0 0 0 0 0 ]
2014-06-25 [ 0 0 1 0 0 1 1 1 0 0 0 0 0 0 0 0 0 0 0 0 0 0 0 0 0 0 0 0 0 0 0 0 0 0 ]
2014-06-26 [ 1 0 1 1 0 1 0 0 0 0 0 0 0 0 1 0 0 0 0 0 0 0 0 0 0 0 0 0 0 0 0 0 0 0 ]
2014-06-27 [ 0 0 0 0 0 1 0 1 0 0 0 0 0 0 1 0 0 0 0 0 0 0 0 0 0 0 0 0 0 0 0 0 0 0 ]
2014-06-28 [ 1 0 0 0 0 1 0 1 0 0 0 0 0 0 1 0 0 0 0 0 0 0 0 0 0 0 0 0 0 0 0 0 0 0 ]
2014-06-29 [ 1 0 0 0 0 1 0 0 1 0 0 0 0 1 1 0 0 0 0 0 0 0 0 0 0 0 0 0 0 0 0 0 0 0 ]
2014-06-30 [ 1 0 1 1 0 1 0 0 0 0 0 0 1 1 1 0 0 0 0 0 0 0 0 0 0 0 0 0 0 0 0 0 0 0 ]
2014-07-01 [ 1 0 1 0 1 1 0 0 0 0 0 0 1 0 1 0 0 0 0 0 0 0 0 0 0 0 0 0 0 0 0 0 0 0 ]
2014-07-02 [ 0 0 1 1 0 0 0 1 1 0 0 0 1 0 0 0 0 0 0 0 0 0 0 0 0 0 0 0 0 0 0 0 0 0 ]
84 [ 1 1 0 1 1 1 1 1 0 0 1 1 0 1 1 0 0 0 0 1 1 0 0 1 0 1 0 0 0 0 0 0 0 1 ]
85 [ 0 0 1 1 0 1 1 0 0 0 1 1 1 1 0 0 0 0 1 1 1 0 0 0 1 1 0 0 0 0 0 0 0 1 ]
86 [ 1 1 1 0 1 1 1 1 0 1 0 1 1 1 0 0 0 0 0 1 1 0 0 1 0 1 0 1 0 0 0 0 0 1 ]
87 [ 1 0 1 1 1 1 0 0 0 0 0 0 1 1 0 0 0 0 1 1 1 0 0 1 1 1 0 1 0 0 0 0 0 1 ]
88 [ 1 1 1 1 1 1 0 1 0 0 0 1 1 1 0 0 1 1 0 0 1 0 0 0 0 1 0 0 1 0 0 0 0 1 ]
89 [ 0 1 1 1 1 1 1 1 0 1 0 0 1 1 0 0 1 1 0 1 1 0 0 1 0 1 0 0 1 1 0 0 1 1 ]
90 [ 1 1 1 1 0 1 1 1 0 0 0 1 1 1 0 1 0 0 0 1 1 0 0 0 0 1 0 0 1 0 0 0 1 1 ]
91 [ 1 1 0 0 1 0 1 0 0 1 1 1 0 1 0 1 1 0 1 1 1 0 0 0 1 1 0 1 0 0 1 0 0 1 ]
2014-07-11 [ 0 0 1 0 1 1 0 0 0 0 0 0 0 1 1 0 0 0 0 0 1 1 0 0 0 0 0 0 0 0 0 0 0 0 ]
2014-07-12 [ 0 0 1 0 0 1 0 0 0 0 0 0 1 1 1 0 0 0 0 0 0 0 0 0 0 0 0 0 0 0 0 0 0 0 ]
2014-07-13 [ 0 0 0 0 0 1 0 0 0 0 0 0 1 0 0 0 0 0 0 0 0 0 0 0 0 0 0 0 0 0 0 0 0 0 ]
2014-07-14 [ 1 0 1 0 0 1 0 0 0 0 0 0 1 0 1 0 0 0 0 0 0 0 0 0 0 0 0 0 0 0 0 0 0 0 ]
2014-07-15 [ 1 0 0 0 0 0 0 0 0 1 0 0 0 0 0 0 0 0 1 0 0 0 1 0 0 0 1 0 0 0 0 0 0 0 ]
2014-07-16 [ 0 0 1 0 0 1 0 0 0 0 0 0 0 0 0 0 0 0 0 0 0 0 0 0 0 0 1 0 0 0 0 0 0 0 ]
2014-07-17 [ 1 0 1 0 0 1 0 0 0 0 0 0 0 0 1 0 1 0 0 0 0 0 1 0 0 0 0 0 0 0 0 0 0 0 ]
2014-07-18 [ 1 0 1 0 0 1 0 0 0 0 0 0 0 0 1 0 0 0 0 0 0 0 0 0 0 0 0 0 0 0 0 0 0 0 ]
2014-07-19 [ 0 0 1 0 0 0 0 1 0 0 0 0 0 0 0 0 0 0 0 0 0 0 0 0 0 0 0 0 0 0 0 0 0 0 ]
2014-07-20 [ 0 0 0 0 0 0 0 0 0 1 0 0 0 0 0 0 0 0 0 0 0 0 0 0 0 0 0 0 0 0 0 0 0 0 ]
2014-07-21 [ 0 0 0 0 0 0 0 0 0 0 0 0 0 0 0 0 0 0 0 0 1 0 0 0 0 0 0 0 0 0 0 0 0 0 ]
2014-07-22 [ 0 0 0 0 0 1 0 0 0 0 0 0 0 0 1 0 0 0 0 0 0 0 0 0 0 0 1 0 0 0 0 0 0 0 ]
2014-07-23 [ 0 0 0 0 0 0 0 0 0 0 0 0 0 0 1 0 0 0 1 0 0 0 0 0 0 0 1 0 0 0 0 0 0 0 ]
2014-07-24 [ 0 0 0 0 0 1 0 0 0 1 0 0 0 0 0 0 0 0 0 0 0 0 0 0 0 0 1 0 0 0 0 0 0 0 ]
2014-07-25 [ 0 0 0 1 0 0 0 0 1 1 0 0 0 0 0 0 0 0 0 0 0 0 0 0 0 0 0 0 0 0 0 0 0 0 ]
2014-07-26 [ 1 0 0 1 0 1 0 1 1 1 0 0 0 0 1 0 0 0 0 0 0 0 0 0 0 0 0 0 0 0 0 0 0 0 ]
2014-07-27 [ 1 0 1 1 0 1 0 1 0 0 0 1 0 0 0 0 0 0 0 0 0 0 0 0 0 0 0 0 0 0 0 0 0 0 ]
2014-07-28 [ 1 0 1 1 1 1 1 1 0 0 0 0 0 0 0 0 0 0 0 0 0 0 0 0 0 0 1 0 0 0 0 0 0 0 ]
2014-07-29 [ 1 1 1 0 0 1 0 1 0 0 0 0 0 0 0 0 0 0 0 0 0 0 0 0 0 0 1 0 0 0 0 0 0 0 ]
2014-07-30 [ 1 0 1 0 0 0 0 0 0 0 0 0 0 0 0 0 0 0 0 0 0 0 0 0 0 0 1 0 0 0 0 0 0 0 ]
2014-07-31 [ 1 0 1 0 0 1 0 0 0 0 0 0 0 0 0 0 0 0 0 0 0 0 0 0 0 0 1 0 0 0 0 0 0 0 ]
113 [ 1 0 1 1 1 1 0 0 1 0 1 0 1 1 0 0 0 1 0 0 1 0 0 0 0 1 1 1 1 0 0 0 0 1 ]
114 [ 1 1 1 0 0 0 0 1 0 1 1 0 0 0 0 0 0 1 0 0 1 0 0 1 0 1 1 0 0 0 0 0 0 1 ]
115 [ 1 0 1 0 0 1 0 0 0 1 1 0 0 1 0 0 1 1 0 1 1 0 0 0 0 1 1 1 1 0 0 0 0 1 ]
116 [ 0 0 0 0 0 0 0 0 0 0 1 0 0 0 0 0 0 0 0 0 1 0 0 0 0 1 1 1 0 0 0 0 0 1 ]
117 [ 0 0 0 0 0 0 0 0 0 0 0 0 0 0 0 0 0 0 0 1 0 0 0 0 0 0 0 0 0 0 0 0 0 0 ]
118 [ 0 0 0 0 0 0 0 0 0 0 0 0 1 1 0 0 0 0 0 0 0 0 0 0 0 0 0 0 0 0 0 0 0 0 ]
119 [ 0 0 0 0 0 0 0 0 0 0 0 0 0 0 0 0 0 0 0 0 0 0 0 0 0 0 0 0 0 0 0 0 0 0 ]
120 [ 0 0 0 0 0 0 0 0 0 0 0 0 0 0 0 0 0 0 0 0 0 0 0 0 0 0 0 0 0 0 0 0 0 0 ]
121 [ 0 0 0 0 0 0 0 0 0 0 0 0 0 0 0 0 0 0 0 0 0 0 0 0 0 0 0 0 0 0 0 0 0 0 ]
122 [ 0 0 0 0 0 0 1 0 0 0 0 1 0 0 0 0 0 1 0 0 1 0 0 0 0 1 0 1 0 0 0 0 0 1 ]
123 [ 1 1 1 1 1 1 1 1 1 1 1 1 1 1 1 0 1 1 1 1 1 0 1 0 1 1 0 1 0 1 0 0 0 1 ]
124 [ 1 1 1 1 1 1 1 1 1 1 1 1 1 1 1 1 1 1 1 1 1 1 1 1 1 1 1 1 1 1 1 0 0 1 ]
125 [ 1 1 1 1 1 1 1 1 1 1 1 1 1 1 1 1 1 1 1 1 1 1 0 1 1 1 0 1 1 1 1 0 1 1 ]
126 [ 1 0 1 1 1 1 0 0 1 1 1 1 0 1 1 0 1 0 1 1 1 0 0 0 0 1 0 1 1 1 0 0 0 1 ]
127 [ 1 1 1 0 1 1 1 0 0 1 0 0 0 1 0 0 1 0 0 0 1 1 0 0 0 1 0 0 1 0 1 0 0 1 ]
128 [ 1 0 1 0 1 0 1 1 0 0 0 0 0 0 1 0 1 0 1 0 1 0 0 1 0 1 0 1 0 1 0 0 0 1 ]
129 [ 0 0 1 0 1 1 0 0 0 0 0 0 1 1 0 0 0 0 0 1 1 0 0 0 0 1 0 1 0 0 0 0 1 1 ]
130 [ 0 0 1 0 0 0 0 1 0 0 0 0 1 1 0 0 0 1 0 0 1 1 0 0 0 1 0 1 0 0 0 0 0 1 ]
131 [ 1 0 1 0 1 0 0 1 1 1 0 1 0 1 0 0 1 1 0 1 1 0 0 1 0 1 0 1 0 0 0 0 1 1 ]
132 [ 1 1 1 1 1 1 1 1 1 1 1 1 1 1 1 1 1 1 1 1 1 1 1 1 1 1 0 1 1 1 1 1 0 1 ]
133 [ 0 1 1 0 1 0 1 0 0 0 1 0 1 1 0 0 0 1 1 1 1 0 0 1 0 1 0 1 0 0 0 0 0 1 ]
134 [ 1 0 1 1 1 1 1 1 1 1 1 0 1 1 0 0 1 1 0 1 1 0 0 1 0 1 0 1 0 0 0 0 0 1 ]
135 [ 1 1 1 1 1 1 1 1 1 1 1 1 1 1 1 0 1 1 1 1 1 1 1 1 1 1 0 1 1 1 1 0 1 1 ]
136 [ 1 1 1 0 1 1 1 1 0 1 1 1 0 1 0 0 0 1 0 1 1 1 0 1 1 1 1 1 0 1 0 0 0 1 ]
137 [ 1 1 1 0 1 0 1 0 1 1 1 0 0 1 1 0 1 1 0 1 1 0 0 0 0 1 1 1 0 0 0 0 0 1 ]
138 [ 0 1 1 0 1 0 1 0 0 0 1 1 0 1 0 0 0 0 0 1 1 0 0 0 1 1 0 1 0 1 0 0 0 1 ]
139 [ 1 1 1 1 1 1 1 1 1 1 1 1 1 1 0 0 1 1 1 1 1 1 0 1 1 1 1 1 1 1 0 0 1 1 ]
140 [ 0 1 1 0 1 1 1 0 0 0 1 1 1 1 0 0 1 0 0 1 1 0 0 0 0 1 0 1 0 0 0 0 0 1 ]
141 [ 1 1 1 0 1 0 1 0 1 1 1 1 1 1 1 0 1 1 1 1 1 0 0 1 0 1 0 1 0 0 0 0 0 1 ]
142 [ 1 1 1 1 1 0 1 1 0 1 1 1 1 1 1 0 1 1 1 1 1 1 0 1 1 1 1 1 1 1 0 0 0 1 ]
143 [ 1 1 0 0 1 0 1 0 0 0 1 0 1 1 1 0 1 1 0 0 1 0 0 1 0 1 0 0 1 1 0 0 1 1 ]
144 [ 1 1 1 0 1 1 1 0 1 1 1 1 1 1 0 0 1 1 1 1 1 1 0 0 1 1 0 1 0 1 0 0 0 1 ]
145 [ 1 1 1 1 1 1 1 1 0 1 1 1 1 1 1 0 1 1 0 1 1 0 1 1 0 1 0 1 0 0 0 0 1 1 ]
146 [ 0 1 1 0 1 1 0 0 0 1 1 0 0 1 0 0 0 1 0 0 1 0 0 1 0 1 0 1 0 0 0 0 0 1 ]
147 [ 1 1 1 1 1 1 1 1 1 1 1 0 0 1 0 0 1 0 0 1 1 1 0 1 1 1 0 1 0 0 1 1 0 1 ]
148 [ 1 0 1 1 1 0 0 1 0 1 0 1 0 1 0 0 1 0 1 1 1 0 0 0 1 0 0 0 1 0 0 0 0 1 ]
149 [ 1 0 0 0 1 0 1 1 0 0 0 0 0 1 0 0 0 0 0 0 1 0 0 0 0 1 0 0 0 0 1 0 0 1 ]
150 [ 1 1 1 0 1 1 0 0 0 1 1 0 0 1 0 0 0 1 1 0 1 0 0 1 1 1 0 1 0 0 0 0 0 1 ]
151 [ 1 1 1 1 1 0 0 1 0 0 1 0 0 1 0 0 0 1 1 1 1 0 0 0 1 1 0 0 0 1 0 0 0 1 ]
152 [ 1 1 1 0 1 0 1 1 0 1 1 0 1 1 0 0 1 1 1 1 1 1 1 0 1 1 0 0 0 1 0 0 0 1 ]
153 [ 1 0 1 1 1 0 0 1 0 0 1 0 0 1 0 0 1 1 1 1 1 0 0 0 0 1 0 0 0 0 1 0 1 1 ]
154 [ 1 0 1 1 0 0 1 0 1 0 1 1 0 1 0 0 1 0 1 1 1 1 0 0 0 1 1 1 0 0 0 0 0 1 ]
155 [ 1 0 0 0 1 0 0 0 0 0 0 0 0 1 0 0 1 0 0 1 1 0 0 0 1 1 1 1 0 1 0 0 0 1 ]
156 [ 1 0 1 0 1 0 1 1 0 0 1 0 1 1 0 0 0 1 1 1 1 0 0 0 1 1 0 1 0 0 0 0 0 1 ]
157 [ 1 1 0 0 1 0 1 0 0 1 0 0 0 1 0 0 1 0 0 1 1 0 0 0 1 1 0 1 0 0 0 0 0 1 ]
2014-09-15 [ 0 0 0 0 0 0 0 0 0 0 0 0 0 0 0 0 0 0 0 0 0 0 0 0 0 0 0 0 0 0 0 0 0 0 ]
2014-09-16 [ 0 0 0 0 0 0 0 0 0 0 0 0 0 0 0 0 0 0 0 0 0 0 0 0 0 0 0 0 0 0 0 0 0 0 ]
2014-09-17 [ 0 0 0 0 0 0 0 0 0 0 0 0 0 0 0 0 0 0 0 0 0 0 0 0 0 0 0 0 0 0 0 0 0 0 ]
2014-09-18 [ 0 0 0 0 0 0 0 0 0 0 0 0 0 0 0 0 0 0 0 0 0 0 0 0 0 0 1 0 0 0 0 0 0 0 ]
2014-09-19 [ 0 0 0 0 0 1 0 0 0 0 0 0 0 0 0 0 0 0 0 0 0 0 0 0 0 0 0 0 0 0 0 0 0 0 ]
2014-09-20 [ 1 0 1 0 0 0 0 0 0 0 0 0 0 0 0 0 0 0 0 0 0 0 0 0 0 0 0 0 0 0 0 0 0 0 ]
2014-09-21 [ 0 0 1 0 0 1 0 0 0 0 0 0 0 0 0 0 0 0 0 0 0 0 0 0 0 0 0 0 0 0 0 0 0 0 ]
2014-09-22 [ 0 0 1 0 0 1 0 0 0 0 0 0 0 0 0 0 0 0 0 0 0 0 1 0 0 0 0 0 0 0 0 0 0 0 ]
2014-09-23 [ 0 0 1 0 0 1 0 0 0 0 0 0 0 0 0 0 0 0 0 0 0 0 1 0 0 0 0 0 0 0 0 0 0 0 ]
2014-09-24 [ 0 0 0 1 0 1 0 0 0 0 0 0 0 0 0 0 0 0 0 0 0 0 1 0 0 0 1 0 0 0 0 0 0 0 ]
2014-09-25 [ 0 0 0 0 0 1 0 0 0 0 0 1 0 0 0 1 0 0 0 0 1 0 1 0 0 0 1 0 0 0 0 0 0 0 ]
2014-09-26 [ 1 0 1 0 0 1 0 0 0 0 0 1 1 0 0 0 0 0 0 0 0 0 1 0 0 0 1 0 0 0 0 0 0 0 ]
2014-09-27 [ 0 0 1 1 0 1 0 0 0 0 0 1 0 1 0 0 0 0 0 0 0 0 1 0 0 0 0 0 0 0 0 0 0 0 ]
2014-09-28 [ 0 0 1 0 0 1 0 0 0 0 0 0 0 0 0 0 0 0 0 0 0 0 1 0 0 0 1 0 0 0 0 0 0 0 ]
2014-09-29 [ 0 0 0 0 0 0 0 0 0 0 0 0 0 0 0 1 0 0 0 0 0 0 0 0 0 0 1 0 0 0 0 0 0 0 ]
2014-09-30 [ 0 0 0 0 0 0 0 0 0 0 0 0 0 0 0 1 0 0 0 0 0 0 0 0 0 0 1 0 0 0 0 0 0 0 ]
2014-10-01 [ 0 0 1 0 0 0 0 0 0 0 0 0 0 0 0 0 0 0 0 0 0 0 0 0 0 0 0 0 0 0 0 0 0 0 ]
2014-10-02 [ 0 0 1 0 0 1 0 0 0 0 0 0 0 0 0 0 0 0 0 0 0 0 0 0 0 0 0 0 0 0 0 0 0 0 ]
2014-10-03 [ 0 0 1 1 0 1 0 0 0 0 0 0 0 0 0 0 0 0 0 0 0 0 0 0 0 0 0 0 0 0 0 0 0 0 ]
2014-10-04 [ 0 0 1 1 0 1 0 0 0 0 0 0 0 0 0 0 0 0 0 0 0 0 0 0 0 0 0 0 0 0 0 0 0 0 ]
2014-10-05 [ 0 0 1 1 0 1 0 0 0 0 0 1 0 0 0 0 0 0 0 0 0 0 0 0 0 0 0 0 0 0 0 0 0 0 ]
2014-10-06 [ 0 0 0 0 0 0 0 0 0 0 0 0 1 0 0 0 0 0 0 0 0 0 0 0 0 0 0 0 0 0 0 0 0 0 ]
2014-10-07 [ 1 0 1 1 1 1 0 0 0 0 1 0 0 0 0 0 0 0 0 0 0 0 0 0 0 1 1 0 0 0 0 0 0 0 ]
181 [ 1 0 1 1 1 0 1 0 0 1 1 0 0 1 0 0 0 1 0 1 1 0 0 0 0 1 0 1 0 0 0 0 0 1 ]
182 [ 1 1 1 1 1 0 1 1 0 1 1 1 0 1 0 0 1 0 1 1 1 0 0 0 1 1 0 0 0 0 0 0 0 1 ]
183 [ 1 1 1 1 1 0 1 0 0 1 0 0 0 1 1 0 1 0 1 1 1 0 0 1 0 1 0 1 0 0 0 0 0 1 ]
184 [ 1 1 0 1 1 0 0 0 0 1 0 0 1 1 0 0 0 0 0 1 1 1 0 0 1 1 0 1 0 0 0 0 0 1 ]
185 [ 1 1 0 0 1 0 1 0 0 1 0 0 1 1 0 0 0 0 0 1 1 0 0 0 0 1 0 0 0 0 0 0 0 1 ]
186 [ 1 0 0 0 1 0 1 0 0 0 0 1 0 1 0 0 0 1 1 1 1 0 0 0 0 1 0 1 0 0 1 0 0 1 ]
187 [ 1 0 1 1 0 0 1 0 0 0 0 1 0 1 0 0 0 1 1 1 1 0 0 0 0 1 0 1 0 0 0 0 0 1 ]
188 [ 0 1 1 0 1 0 1 0 0 0 1 0 1 0 0 0 1 1 0 1 1 0 0 0 0 1 0 1 0 1 0 0 1 1 ]
189 [ 1 1 1 1 1 1 1 1 0 1 1 1 1 1 1 0 1 0 0 1 1 0 0 0 0 1 1 1 1 1 0 0 1 1 ]
190 [ 1 0 1 0 1 0 1 0 1 1 1 1 0 1 0 1 0 0 1 1 1 0 0 1 0 1 0 1 1 1 1 0 1 1 ]
191 [ 1 1 1 1 1 0 1 1 1 0 1 0 1 1 1 0 1 1 0 1 1 0 0 1 0 1 0 1 1 1 1 0 0 1 ]
192 [ 1 1 1 1 1 1 1 1 0 1 1 1 1 1 1 0 1 1 1 1 1 1 1 1 1 1 0 1 0 0 0 0 0 1 ]
193 [ 1 0 1 1 1 1 1 1 0 1 1 0 0 1 1 0 1 1 1 1 1 0 0 1 1 1 0 1 0 0 0 0 0 1 ]
194 [ 1 0 0 0 1 0 0 0 1 0 0 0 0 1 0 0 1 0 0 1 0 0 0 0 0 1 0 0 0 0 0 0 0 1 ]
195 [ 0 1 0 0 1 0 1 0 0 0 1 0 0 1 0 0 1 0 1 1 1 1 0 0 0 1 0 0 0 0 0 0 1 1 ]
196 [ 0 1 1 1 0 1 1 0 0 1 1 0 1 1 0 0 0 0 1 1 1 0 0 1 1 1 0 1 1 0 0 0 0 1 ]
197 [ 0 1 1 1 1 1 1 1 1 0 1 1 0 1 0 1 1 1 1 1 1 0 0 1 1 1 0 1 0 0 0 0 0 1 ]
198 [ 1 1 1 1 0 0 1 0 0 0 1 0 1 1 1 0 0 1 1 1 1 1 0 0 0 1 0 1 0 1 0 0 1 1 ]
199 [ 1 0 1 0 0 0 1 0 1 0 0 0 0 1 0 0 1 0 1 1 1 0 0 1 0 1 0 0 0 0 0 0 0 1 ]
2014-10-27 [ 0 0 0 0 0 0 0 0 0 0 0 1 1 0 0 0 0 1 1 0 0 0 0 0 0 1 1 0 0 0 0 0 0 0 ]
2014-10-28 [ 0 0 0 0 0 0 1 1 1 1 0 0 1 0 0 0 0 0 0 0 0 0 0 0 0 0 0 0 0 0 0 0 0 0 ]
2014-10-29 [ 0 0 1 0 0 1 0 1 1 1 1 0 0 0 0 0 0 0 0 0 0 0 1 0 0 0 0 0 0 0 0 0 0 0 ]
2014-10-30 [ 1 1 1 1 0 1 0 1 1 1 1 0 0 0 0 0 0 0 0 0 0 0 1 0 0 0 0 0 0 0 0 0 0 0 ]
2014-10-31 [ 1 1 1 1 1 1 0 1 1 1 0 0 0 0 0 0 0 0 0 0 0 0 1 0 0 0 0 0 0 0 0 0 0 0 ]
205 [ 0 0 1 1 0 0 1 0 0 0 1 0 1 1 0 0 1 0 1 1 1 0 0 1 1 1 1 0 0 0 0 0 0 1 ]
206 [ 0 0 0 0 0 0 1 0 0 1 0 1 0 0 0 0 0 0 0 1 0 0 0 1 0 0 0 1 0 1 1 0 0 1 ]
207 [ 1 1 1 1 1 1 1 0 1 1 0 1 0 1 1 0 1 1 0 1 1 0 1 1 0 1 0 0 1 1 0 0 0 1 ]
208 [ 0 1 1 1 1 1 1 1 1 0 1 1 1 1 1 0 0 0 1 1 1 0 0 0 0 1 0 1 0 0 0 0 0 1 ]
209 [ 0 1 0 1 1 0 1 1 0 0 0 0 0 1 1 0 1 0 1 1 1 0 0 0 0 1 0 1 0 0 0 0 0 1 ]
210 [ 0 0 0 0 1 0 0 0 0 0 0 1 0 1 0 0 1 0 1 1 1 0 0 0 0 1 0 1 0 0 0 0 0 1 ]
211 [ 0 0 0 1 1 0 1 0 0 0 0 1 1 1 0 0 1 0 0 1 1 0 0 0 0 1 1 1 1 0 0 0 0 1 ]
212 [ 0 0 0 0 1 0 1 0 1 0 1 1 1 1 0 1 1 1 0 1 1 0 0 0 0 1 0 0 0 0 0 0 0 1 ]
213 [ 0 0 0 0 0 0 0 0 0 1 1 1 0 1 0 0 0 0 0 1 1 0 0 0 0 1 0 0 0 0 0 0 0 1 ]
214 [ 0 0 1 0 1 0 1 1 0 0 0 1 0 1 0 0 1 0 1 1 1 0 0 0 0 1 0 0 0 0 0 0 1 1 ]
215 [ 0 1 0 0 1 0 1 1 0 0 0 1 0 1 1 0 0 0 0 1 0 0 0 0 1 1 0 1 0 0 0 0 0 1 ]
216 [ 1 1 0 0 1 1 0 0 1 0 1 1 1 1 0 0 1 0 1 1 1 0 0 0 1 1 0 1 0 0 1 0 1 1 ]
217 [ 1 1 1 0 1 0 1 1 0 0 1 1 1 1 0 0 1 1 0 1 1 0 0 0 1 1 0 1 1 0 0 0 0 1 ]
218 [ 0 1 1 1 1 0 1 0 1 1 1 0 1 1 1 0 0 1 0 1 1 0 0 0 1 1 0 0 0 0 0 0 1 1 ]
219 [ 1 0 0 0 1 0 0 0 0 0 0 1 0 0 1 0 1 0 0 1 1 0 0 0 0 1 0 1 0 0 0 0 0 1 ]
220 [ 1 1 0 0 1 0 0 0 0 0 1 1 1 0 0 0 0 0 0 1 1 0 0 0 0 1 0 1 1 0 0 0 0 1 ]
221 [ 0 0 0 0 0 0 1 0 0 0 1 1 0 1 0 1 1 0 0 1 1 0 0 0 1 1 0 1 0 0 0 0 0 1 ]
222 [ 1 0 1 1 1 1 1 1 1 1 1 1 0 1 0 0 1 1 0 1 1 1 1 0 0 1 0 1 0 0 0 0 1 1 ]
223 [ 0 1 1 1 1 1 1 0 0 1 0 1 0 1 1 0 1 0 0 1 1 0 0 1 1 1 0 1 0 0 0 0 0 1 ]
224 [ 0 1 1 0 1 0 1 0 1 1 0 0 0 1 0 0 1 1 0 1 1 0 0 1 1 1 0 0 0 0 0 0 0 1 ]
225 [ 1 1 1 0 1 0 1 0 0 1 0 0 1 1 0 0 1 0 1 1 1 0 0 1 1 1 0 1 0 0 0 0 0 1 ]
226 [ 0 1 0 1 1 0 1 0 0 1 1 0 0 1 0 0 1 0 0 1 1 0 0 1 0 1 0 0 0 0 0 0 0 1 ]
227 [ 0 0 1 1 1 0 1 0 0 1 1 1 1 1 0 0 1 1 1 1 1 0 0 0 1 1 0 1 0 0 0 0 0 1 ]
228 [ 0 1 1 1 1 1 1 0 1 0 1 0 1 1 0 1 1 0 0 1 1 1 0 0 0 1 1 1 1 0 0 0 0 1 ]
229 [ 1 1 1 1 1 1 1 0 1 1 1 1 1 1 1 0 1 1 0 1 1 0 0 1 1 1 1 1 1 0 0 0 1 1 ]
230 [ 0 1 1 0 1 0 1 0 1 0 0 1 1 1 0 0 1 1 1 1 1 0 0 1 0 1 0 1 0 0 0 0 1 1 ]
231 [ 1 0 1 1 1 0 1 0 1 1 1 1 0 1 0 0 1 1 1 1 1 0 0 0 1 1 0 0 0 0 0 0 0 1 ]
232 [ 1 0 1 0 0 0 1 1 1 1 1 0 0 0 0 0 1 1 1 1 1 0 0 1 1 1 0 1 1 0 0 0 0 1 ]
233 [ 0 1 1 0 1 1 1 0 1 0 1 0 0 1 0 0 1 0 1 1 1 1 0 1 0 1 0 0 0 0 0 0 0 1 ]
234 [ 1 1 1 0 1 1 0 0 1 0 1 0 0 1 0 0 1 0 0 1 0 0 0 0 1 1 0 0 0 0 0 0 1 1 ]
235 [ 1 1 1 1 0 0 0 0 0 0 0 0 1 1 0 0 1 1 0 0 1 1 0 1 1 1 0 0 0 0 1 0 1 1 ]
236 [ 1 1 1 0 1 0 1 1 0 1 1 1 0 1 1 0 1 1 1 0 1 0 0 1 0 1 0 1 0 0 0 0 0 1 ]
237 [ 0 0 1 1 1 0 0 0 0 0 0 1 1 1 0 1 1 1 0 1 1 0 0 0 1 1 0 0 0 0 0 0 0 1 ]
238 [ 1 1 1 0 1 0 0 0 0 1 0 1 0 1 0 0 1 0 0 1 0 0 0 0 0 1 0 1 0 0 1 0 1 1 ]
239 [ 0 0 1 1 0 1 0 0 0 1 1 1 1 1 0 0 1 1 0 0 1 0 0 0 1 1 0 0 1 0 0 0 1 1 ]
240 [ 0 0 1 0 1 0 1 0 0 0 1 0 0 1 1 0 0 0 0 1 1 0 0 1 0 1 0 0 0 0 0 0 0 1 ]
241 [ 1 1 1 0 1 1 1 1 1 1 1 1 0 1 0 0 1 0 1 1 1 0 0 1 1 1 0 1 1 1 0 1 1 1 ]
242 [ 1 0 1 1 0 1 1 1 0 1 0 0 0 1 0 0 1 0 0 1 1 0 0 1 0 1 0 1 0 0 0 0 0 1 ]
243 [ 0 1 0 1 1 1 0 1 0 1 0 1 0 1 0 0 0 0 0 0 1 0 0 0 0 1 0 0 0 0 0 0 0 1 ]
244 [ 1 1 1 1 1 0 1 0 0 0 0 1 1 1 0 0 1 1 0 1 1 0 0 1 0 1 0 1 0 0 0 0 0 1 ]
245 [ 1 1 1 1 1 1 1 0 1 1 1 1 0 1 0 0 1 0 1 1 1 0 0 1 1 1 0 1 0 1 0 0 1 1 ]
246 [ 0 1 1 1 1 1 0 1 0 1 0 0 1 1 0 0 1 0 0 1 1 0 0 0 0 1 0 1 0 0 0 0 1 1 ]
247 [ 0 1 0 0 1 1 0 0 0 0 1 0 0 1 1 0 0 0 1 1 1 0 0 0 0 1 0 0 0 0 0 0 1 1 ]
248 [ 0 1 0 1 1 0 0 0 1 1 0 0 1 0 0 1 0 0 0 1 1 0 0 0 0 0 1 1 0 0 0 0 0 1 ]
249 [ 0 0 1 1 1 0 1 0 0 0 1 0 0 1 0 0 1 0 0 1 1 0 0 0 0 1 0 1 0 0 0 0 0 1 ]
250 [ 1 1 1 1 1 1 1 1 1 0 1 1 1 1 1 0 1 1 1 1 1 0 0 0 0 1 0 1 1 1 0 0 1 1 ]
251 [ 0 1 1 0 1 1 1 1 0 1 1 1 1 1 0 0 1 0 0 1 1 0 1 0 0 1 0 1 0 1 0 0 0 1 ]
252 [ 1 0 0 1 1 0 1 0 0 0 1 0 0 1 1 0 1 1 0 1 1 0 1 0 0 1 0 1 0 0 0 0 0 1 ]
253 [ 0 1 1 0 1 0 1 0 0 0 1 1 1 1 1 0 1 0 1 1 1 0 1 1 0 1 0 0 0 0 0 0 1 1 ]
254 [ 0 1 0 0 1 0 0 0 0 0 0 0 0 0 0 0 1 0 0 1 1 0 1 0 0 1 0 1 0 0 0 0 0 1 ]
255 [ 0 1 1 0 1 0 0 1 1 1 0 1 0 1 0 0 0 0 1 1 1 0 1 0 0 1 0 0 0 0 0 0 0 1 ]
256 [ 0 1 1 1 1 0 1 1 0 1 1 0 0 1 0 0 1 0 0 1 1 0 1 1 0 1 0 0 1 0 0 0 1 1 ]
257 [ 1 0 1 1 0 0 1 0 1 1 1 1 1 0 0 0 0 1 0 0 1 0 1 1 0 1 0 1 0 1 1 0 1 1 ]
258 [ 1 1 1 1 1 1 1 1 0 1 1 0 0 1 0 0 1 0 0 0 1 0 1 1 0 1 0 1 0 0 0 0 1 1 ]
259 [ 1 1 1 1 1 0 1 1 0 0 1 0 0 1 1 0 1 0 1 1 1 0 1 0 1 1 0 1 0 1 0 0 0 1 ]
260 [ 1 1 1 1 1 1 1 1 1 1 1 1 1 1 1 1 1 1 1 1 1 1 1 1 1 1 1 1 1 1 1 1 1 1 ]
261 [ 0 0 1 1 1 1 1 1 0 1 0 0 1 1 1 0 1 1 0 1 1 1 1 0 0 1 0 1 0 1 1 0 1 1 ]
262 [ 1 0 0 0 1 0 0 1 0 0 0 0 1 1 1 0 1 1 1 1 1 0 1 0 1 0 0 0 0 0 0 0 0 1 ]
263 [ 1 0 1 1 1 1 1 1 0 1 0 1 1 1 0 0 0 1 0 1 1 0 1 0 0 1 0 1 0 1 1 0 0 1 ]
264 [ 0 1 0 0 1 0 0 1 0 0 0 0 1 1 1 0 1 0 0 1 1 0 1 0 0 1 0 1 1 0 0 0 0 1 ]
265 [ 0 1 1 1 1 0 1 1 0 1 1 0 0 1 1 0 1 0 0 1 1 0 1 0 0 1 0 1 0 0 0 0 0 1 ]
266 [ 0 1 1 0 1 0 1 0 0 0 0 0 0 1 0 1 1 0 0 1 1 1 1 0 0 1 0 0 0 0 0 0 0 1 ]
2015-01-02 [ 0 0 1 1 1 1 1 0 0 0 1 1 0 0 0 1 1 1 1 0 0 0 1 0 0 1 0 0 0 0 0 0 0 0 ]
2015-01-03 [ 1 1 1 1 1 1 1 0 0 1 1 1 1 0 1 1 1 1 1 1 1 0 1 0 1 1 0 0 0 0 0 0 0 0 ]
2015-01-04 [ 1 1 1 1 1 1 1 1 1 1 1 1 1 1 1 1 1 1 1 1 1 1 1 0 0 1 0 0 0 0 0 0 0 0 ]
2015-01-05 [ 0 0 1 1 1 1 0 1 1 1 1 1 1 1 1 0 0 1 1 1 1 0 1 0 0 1 1 0 0 0 0 0 0 0 ]
2015-01-06 [ 0 0 0 1 0 0 0 0 0 0 0 1 1 1 0 1 0 0 0 1 1 0 1 0 0 0 0 0 1 0 0 0 0 0 ]
2015-01-07 [ 0 0 1 1 1 0 0 0 0 0 0 1 1 0 0 1 1 0 0 1 0 0 1 0 0 0 0 0 0 0 0 0 0 0 ]
2015-01-08 [ 1 1 1 1 1 1 0 1 1 1 0 1 1 1 1 1 0 0 0 0 1 0 1 0 0 0 0 0 0 0 0 0 0 0 ]
2015-01-09 [ 0 1 1 1 1 1 0 1 1 1 1 1 1 1 1 1 0 1 0 1 1 1 1 0 0 0 0 0 0 0 0 0 0 0 ]
2015-01-10 [ 1 1 1 1 1 1 1 1 1 1 1 1 1 1 1 1 1 1 0 1 1 1 1 0 0 0 0 0 0 0 0 0 0 0 ]
2015-01-11 [ 0 0 1 1 1 1 1 0 1 1 1 1 1 1 1 1 1 1 0 1 1 1 1 0 0 0 0 0 0 0 0 0 0 0 ]
