1 [ 0 1 1 1 1 1 0 1 1 1 ]
2 [ 1 0 1 1 1 1 1 1 1 0 ]
3 [ 0 1 1 1 1 1 0 1 1 0 ]
4 [ 1 1 0 1 1 1 0 1 1 0 ]
5 [ 1 1 1 1 1 1 0 0 1 0 ]
6 [ 1 1 1 1 1 1 1 0 1 1 ]
7 [ 0 0 1 1 1 1 1 1 1 0 ]
8 [ 0 1 0 1 1 1 0 1 1 1 ]
9 [ 1 1 1 1 1 1 0 0 1 0 ]
10 [ 1 1 1 1 0 1 1 0 1 1 ]
11 [ 1 1 1 1 1 1 0 0 1 0 ]
12 [ 1 0 1 0 1 1 0 0 1 0 ]
13 [ 1 1 1 1 1 1 0 1 1 1 ]
14 [ 0 1 1 1 1 1 0 1 1 0 ]
15 [ 1 1 1 1 1 1 0 0 1 0 ]
16 [ 1 0 0 1 1 0 0 1 1 0 ]
17 [ 0 1 1 1 1 1 0 0 1 0 ]
18 [ 0 0 1 1 1 1 1 1 1 0 ]
19 [ 1 0 1 1 1 1 1 1 1 1 ]
20 [ 0 1 0 1 1 1 1 1 1 0 ]
21 [ 1 0 1 1 1 1 1 1 1 1 ]
22 [ 0 1 0 1 1 1 1 1 1 0 ]
23 [ 1 0 1 1 1 1 0 0 1 1 ]
24 [ 1 0 0 1 1 0 1 0 1 0 ]
25 [ 1 0 1 1 1 1 1 0 1 0 ]
26 [ 0 0 0 0 1 0 0 0 1 0 ]
27 [ 0 1 1 0 0 1 0 1 1 0 ]
28 [ 1 0 1 1 1 1 0 0 1 0 ]
29 [ 1 0 0 0 1 0 1 1 1 0 ]
30 [ 0 0 0 0 0 1 1 0 1 1 ]
31 [ 0 1 0 0 1 1 0 0 0 1 ]
32 [ 1 1 1 1 1 1 0 0 1 0 ]
33 [ 0 1 0 1 1 1 1 1 1 0 ]
34 [ 1 1 1 1 1 1 0 1 1 0 ]
35 [ 1 0 1 1 1 1 1 1 1 0 ]
36 [ 0 1 1 1 1 1 0 1 1 0 ]
37 [ 0 1 1 1 1 1 0 1 1 1 ]
38 [ 0 1 0 1 1 1 0 0 1 1 ]
39 [ 1 0 1 1 1 1 1 1 1 1 ]
40 [ 0 1 1 1 1 1 1 1 1 0 ]
41 [ 0 1 1 1 1 1 0 1 1 0 ]
42 [ 0 1 1 1 1 1 1 1 1 0 ]
43 [ 1 1 1 1 1 1 0 0 1 1 ]
44 [ 1 1 1 1 1 1 0 0 1 0 ]
45 [ 0 1 1 1 1 1 0 1 1 0 ]
46 [ 0 1 1 1 1 1 1 0 1 1 ]
47 [ 1 1 1 1 1 1 0 0 1 0 ]
48 [ 1 1 1 1 1 1 0 1 1 0 ]
49 [ 0 1 1 1 1 1 1 1 1 0 ]
50 [ 1 0 1 1 1 1 0 0 1 0 ]
51 [ 0 1 0 1 1 1 1 0 1 0 ]
52 [ 1 0 1 1 1 1 1 0 1 0 ]
53 [ 1 0 1 1 1 1 0 0 1 0 ]
54 [ 1 1 1 1 1 1 0 1 1 0 ]
55 [ 1 0 1 1 1 1 1 1 1 0 ]
56 [ 0 0 1 1 1 1 1 1 1 0 ]
57 [ 1 1 1 1 1 1 0 1 1 0 ]
58 [ 1 0 1 1 1 1 1 0 1 1 ]
59 [ 0 1 1 1 1 1 0 1 1 0 ]
60 [ 1 1 1 1 1 1 0 0 1 1 ]
61 [ 1 0 1 1 1 1 0 1 1 1 ]
62 [ 0 0 1 1 1 1 1 1 1 1 ]
63 [ 1 1 1 1 1 1 0 0 1 1 ]
64 [ 0 1 1 1 1 1 1 1 1 0 ]
65 [ 0 1 1 1 1 1 1 1 1 1 ]
66 [ 1 1 0 0 1 1 0 1 1 0 ]
67 [ 1 1 0 1 1 1 0 1 1 1 ]
68 [ 1 1 1 1 1 1 0 1 1 1 ]
69 [ 1 0 1 1 1 1 1 0 1 0 ]
70 [ 1 1 1 1 1 1 0 1 1 1 ]
71 [ 1 0 1 1 1 1 0 0 1 0 ]
72 [ 1 1 0 1 1 1 1 0 1 1 ]
73 [ 1 0 1 1 1 1 0 0 1 1 ]
74 [ 0 1 1 1 1 1 0 1 1 0 ]
75 [ 0 1 0 1 1 1 1 1 1 0 ]
76 [ 1 1 1 1 1 1 0 0 1 0 ]
77 [ 0 0 1 1 1 1 0 1 1 0 ]
78 [ 0 1 1 1 1 1 1 0 1 0 ]
79 [ 1 0 1 0 1 1 1 1 1 0 ]
80 [ 0 1 1 1 1 0 0 1 1 0 ]
81 [ 0 0 1 1 1 1 0 1 1 1 ]
82 [ 0 0 0 1 0 1 0 0 1 0 ]
83 [ 0 1 1 1 1 1 0 0 1 1 ]
84 [ 1 1 1 1 1 1 0 0 1 0 ]
85 [ 1 0 1 1 1 1 0 1 1 0 ]
86 [ 0 1 1 1 1 1 1 1 1 0 ]
87 [ 1 1 1 1 1 1 1 0 1 0 ]
88 [ 1 0 1 1 1 1 0 0 1 1 ]
89 [ 1 0 1 1 1 1 1 0 1 0 ]
90 [ 0 1 1 1 1 1 0 1 1 0 ]
91 [ 0 1 1 1 1 1 1 0 1 0 ]
92 [ 0 1 1 1 1 1 1 1 1 1 ]
93 [ 1 0 1 1 1 1 1 0 1 1 ]
94 [ 1 0 1 1 1 1 0 1 1 1 ]
95 [ 0 1 1 1 1 1 0 1 1 1 ]
96 [ 1 0 1 1 1 1 0 1 1 0 ]
97 [ 1 0 1 1 1 1 1 1 1 1 ]
98 [ 1 1 1 1 1 1 0 1 1 0 ]
99 [ 1 0 1 1 1 1 0 1 1 1 ]
100 [ 1 0 1 1 1 1 1 1 1 0 ]
101 [ 0 1 1 1 1 1 0 1 1 0 ]
102 [ 1 1 1 1 1 1 1 0 1 1 ]
103 [ 0 1 1 1 1 1 0 0 1 1 ]
104 [ 1 0 1 1 1 1 0 0 1 0 ]
105 [ 1 1 1 1 1 1 0 0 1 1 ]
106 [ 1 1 1 1 1 1 0 1 1 1 ]
107 [ 0 1 1 1 1 1 1 1 1 1 ]
108 [ 0 1 1 1 1 1 1 1 1 1 ]
109 [ 1 0 1 1 1 1 0 1 1 1 ]
110 [ 1 1 1 1 1 1 0 0 1 1 ]
111 [ 0 1 0 1 1 1 1 1 1 0 ]
112 [ 1 1 1 1 1 1 0 0 1 1 ]
113 [ 0 1 1 1 1 1 1 1 1 0 ]
114 [ 1 0 1 1 1 1 1 1 1 1 ]
115 [ 0 1 0 1 1 1 0 1 1 1 ]
116 [ 1 0 1 1 1 1 0 1 1 0 ]
117 [ 1 1 1 1 1 1 0 1 1 0 ]
118 [ 1 1 1 1 1 1 0 0 1 0 ]
119 [ 1 0 1 1 1 1 0 1 1 0 ]
120 [ 0 1 1 1 1 1 0 0 1 0 ]
121 [ 1 1 1 1 1 1 0 1 1 0 ]
122 [ 0 1 1 1 1 1 1 0 1 0 ]
123 [ 1 1 1 1 1 1 0 0 1 1 ]
124 [ 0 1 1 1 1 1 1 0 1 0 ]
125 [ 0 0 0 1 1 1 0 0 1 1 ]
126 [ 1 0 0 1 0 1 1 0 0 0 ]
127 [ 1 0 1 1 1 0 1 0 1 1 ]
128 [ 0 1 1 1 1 1 0 1 1 1 ]
129 [ 1 1 1 1 0 0 1 1 1 0 ]
130 [ 1 1 1 1 1 1 0 1 1 0 ]
131 [ 0 1 0 1 1 1 0 1 0 0 ]
132 [ 0 1 0 1 1 0 0 1 1 1 ]
133 [ 0 1 0 0 0 1 0 0 0 0 ]
134 [ 0 0 1 0 1 1 0 1 1 0 ]
135 [ 0 0 1 1 0 1 0 0 0 0 ]
136 [ 0 0 1 1 0 1 1 0 1 1 ]
137 [ 0 1 1 1 1 1 1 0 1 1 ]
138 [ 1 1 1 1 1 1 1 0 1 0 ]
139 [ 0 1 1 1 1 1 0 1 1 0 ]
140 [ 0 1 1 1 1 0 1 1 1 1 ]
141 [ 0 0 1 1 1 1 0 0 1 1 ]
142 [ 1 1 0 1 1 1 0 1 1 1 ]
143 [ 1 0 0 0 1 0 0 1 1 1 ]
144 [ 0 1 1 1 1 1 0 0 1 1 ]
145 [ 1 0 1 1 1 1 0 1 1 1 ]
146 [ 0 1 1 1 1 1 1 0 1 1 ]
147 [ 0 0 1 1 1 1 0 1 1 1 ]
148 [ 0 1 1 1 1 1 1 0 1 0 ]
149 [ 1 1 1 1 1 1 0 1 1 0 ]
150 [ 0 1 0 1 1 1 0 0 1 1 ]
151 [ 1 0 1 1 1 1 1 0 1 0 ]
152 [ 0 1 1 1 1 1 0 1 1 0 ]
153 [ 0 1 0 1 1 1 1 1 1 0 ]
154 [ 1 0 1 1 1 1 1 1 1 1 ]
155 [ 1 1 0 1 1 1 0 1 1 1 ]
156 [ 0 1 1 1 1 1 1 1 1 0 ]
157 [ 1 0 1 1 1 1 0 1 1 0 ]
158 [ 0 1 0 1 1 1 1 1 1 1 ]
159 [ 0 1 1 1 1 1 0 1 1 0 ]
160 [ 1 0 1 1 1 1 1 0 1 1 ]
161 [ 0 0 1 1 1 1 1 1 1 0 ]
162 [ 0 1 1 1 1 1 0 1 1 1 ]
163 [ 0 1 0 1 1 1 0 1 1 1 ]
164 [ 0 0 1 0 0 1 0 0 1 1 ]
165 [ 1 1 1 1 1 1 0 0 1 1 ]
166 [ 1 0 1 1 1 1 1 1 1 0 ]
167 [ 1 0 1 1 1 1 1 0 1 0 ]
168 [ 1 0 1 1 1 1 0 1 1 0 ]
169 [ 0 1 0 1 1 1 1 1 1 0 ]
170 [ 1 0 1 1 1 1 0 0 1 0 ]
171 [ 1 0 0 1 0 1 0 0 1 1 ]
172 [ 1 0 1 1 1 1 1 1 1 1 ]
173 [ 1 1 0 1 0 1 0 1 1 0 ]
174 [ 1 0 1 1 1 1 1 1 1 0 ]
175 [ 1 0 1 1 1 0 0 0 1 0 ]
176 [ 0 1 1 1 0 1 1 0 1 0 ]
177 [ 1 0 0 1 0 1 0 1 1 0 ]
178 [ 0 0 1 1 0 1 1 0 1 0 ]
179 [ 1 1 1 1 1 1 0 0 1 0 ]
180 [ 0 0 0 0 0 0 0 0 0 0 ]
181 [ 0 0 1 1 0 0 1 0 1 0 ]
182 [ 1 0 0 1 1 0 1 0 0 0 ]
183 [ 1 1 1 1 1 1 0 0 1 0 ]
184 [ 1 0 0 1 1 1 0 0 1 0 ]
185 [ 1 1 1 0 1 0 0 0 0 0 ]
186 [ 0 1 0 0 0 0 0 1 0 0 ]
187 [ 1 1 1 1 1 0 0 1 1 0 ]
188 [ 1 1 1 1 0 0 0 0 1 0 ]
189 [ 0 0 1 1 1 1 0 0 0 0 ]
190 [ 0 0 0 0 1 1 0 0 0 0 ]
191 [ 1 0 1 1 0 1 0 1 1 0 ]
192 [ 1 0 0 1 1 0 1 0 1 1 ]
193 [ 1 0 0 1 1 1 0 0 1 0 ]
194 [ 1 1 1 1 1 1 0 0 1 1 ]
195 [ 0 1 0 1 1 1 1 1 1 0 ]
196 [ 0 1 1 1 1 1 1 1 1 0 ]
197 [ 0 1 0 0 1 0 0 0 0 0 ]
198 [ 1 0 0 0 1 1 1 0 0 0 ]
199 [ 0 0 1 1 1 0 0 0 0 0 ]
200 [ 0 0 0 1 0 0 0 0 1 0 ]
201 [ 1 0 0 1 0 0 0 0 1 1 ]
202 [ 0 0 0 0 1 0 0 0 1 0 ]
203 [ 1 0 0 0 1 0 0 0 1 0 ]
204 [ 0 0 0 1 1 0 0 0 0 0 ]
205 [ 0 1 1 1 1 0 0 0 0 0 ]
206 [ 0 1 0 1 1 0 0 0 0 1 ]
207 [ 0 0 0 0 0 1 0 0 1 0 ]
208 [ 0 0 0 0 1 0 0 0 0 1 ]
209 [ 1 0 0 1 1 1 0 0 0 0 ]
210 [ 0 0 0 1 0 1 0 1 0 0 ]
211 [ 0 0 0 0 0 0 0 1 1 0 ]
212 [ 1 1 1 0 1 0 0 0 0 0 ]
213 [ 1 0 1 1 0 0 1 0 1 0 ]
214 [ 0 1 0 1 0 1 0 0 0 0 ]
215 [ 0 0 0 1 1 1 0 0 1 0 ]
216 [ 0 0 0 0 1 1 0 0 1 0 ]
217 [ 0 0 0 0 0 1 0 0 1 0 ]
218 [ 1 0 1 0 1 1 1 0 0 0 ]
219 [ 1 0 0 0 1 1 0 0 1 1 ]
220 [ 1 1 1 0 1 1 0 0 0 0 ]
221 [ 0 1 1 0 1 0 0 0 1 0 ]
222 [ 1 1 0 0 0 0 0 0 0 0 ]
223 [ 1 0 0 1 1 0 0 0 1 0 ]
224 [ 1 1 0 1 0 0 0 0 0 0 ]
225 [ 0 1 1 1 0 1 0 0 0 1 ]
226 [ 0 0 0 0 0 0 0 0 0 0 ]
