1 [ 1 0 0 0 0 0 1 0 1 0 ]
2 [ 1 0 0 1 0 0 0 0 1 0 ]
3 [ 1 1 1 0 1 0 0 0 1 1 ]
4 [ 0 0 1 0 0 0 0 0 0 0 ]
5 [ 1 0 0 0 1 0 0 0 1 0 ]
6 [ 1 0 0 1 0 0 0 0 1 0 ]
7 [ 1 1 0 0 0 0 0 0 1 0 ]
8 [ 1 0 0 0 1 0 0 0 1 0 ]
9 [ 1 1 0 0 1 0 0 0 0 0 ]
10 [ 1 1 0 0 0 0 0 0 1 1 ]
11 [ 1 1 0 0 0 0 0 0 1 0 ]
12 [ 1 1 0 0 0 0 0 0 1 0 ]
13 [ 1 1 0 0 0 0 1 0 1 0 ]
14 [ 1 1 1 0 0 0 1 0 1 1 ]
15 [ 1 1 0 1 0 0 1 0 1 1 ]
16 [ 1 1 0 0 1 0 0 0 1 0 ]
17 [ 1 1 1 1 1 0 1 0 1 1 ]
18 [ 1 1 1 1 1 0 1 0 1 1 ]
19 [ 1 1 1 1 1 0 1 0 1 1 ]
20 [ 1 1 1 1 0 0 1 0 1 1 ]
21 [ 1 1 0 1 1 0 1 0 1 1 ]
22 [ 1 1 1 1 1 0 1 0 1 1 ]
23 [ 1 1 0 1 1 0 0 0 1 0 ]
24 [ 1 1 1 1 1 1 1 0 1 1 ]
25 [ 1 1 1 1 1 0 1 0 1 1 ]
26 [ 0 0 0 1 0 0 0 0 0 0 ]
27 [ 1 1 1 1 1 1 1 0 1 1 ]
28 [ 1 1 1 1 1 1 1 0 1 1 ]
29 [ 1 1 1 1 1 1 1 0 1 1 ]
30 [ 1 1 1 1 1 1 1 0 1 1 ]
31 [ 1 1 1 1 1 1 1 0 1 1 ]
32 [ 1 1 1 1 1 1 1 0 1 1 ]
33 [ 0 0 0 0 0 0 1 0 0 0 ]
34 [ 1 1 1 1 1 0 1 0 1 1 ]
35 [ 1 1 0 1 1 1 1 0 1 1 ]
36 [ 1 1 0 1 1 0 1 0 1 1 ]
37 [ 1 1 0 0 1 0 0 1 1 1 ]
38 [ 1 1 1 0 0 0 0 0 1 0 ]
39 [ 1 1 0 0 0 0 0 0 1 0 ]
40 [ 1 1 0 1 0 0 0 0 1 1 ]
41 [ 1 1 0 0 1 0 0 0 1 0 ]
42 [ 1 0 0 0 0 0 0 0 0 1 ]
43 [ 1 0 0 0 0 1 0 0 1 0 ]
44 [ 1 0 1 0 0 0 0 0 1 1 ]
45 [ 1 0 1 0 0 0 0 0 1 0 ]
46 [ 1 0 0 0 0 1 0 0 1 1 ]
47 [ 1 0 0 0 0 0 0 0 1 0 ]
48 [ 1 1 0 0 1 0 0 0 0 0 ]
49 [ 1 0 0 0 0 0 0 1 1 0 ]
50 [ 1 0 0 1 0 0 0 0 1 0 ]
51 [ 1 1 1 0 0 0 0 0 0 0 ]
52 [ 1 1 0 1 0 0 0 0 0 0 ]
53 [ 1 0 0 0 1 0 0 0 0 0 ]
54 [ 1 1 0 0 1 0 0 0 0 0 ]
55 [ 1 0 0 0 1 0 0 0 1 0 ]
56 [ 1 0 1 0 0 0 0 0 1 0 ]
57 [ 1 0 0 0 0 0 0 0 1 0 ]
58 [ 1 1 0 1 0 0 0 0 0 0 ]
59 [ 1 0 0 0 1 0 0 0 0 0 ]
60 [ 1 0 1 0 0 0 0 0 1 0 ]
61 [ 1 0 0 0 0 0 0 0 1 0 ]
62 [ 1 0 0 0 0 0 0 0 1 0 ]
63 [ 1 0 0 1 0 0 0 0 0 0 ]
64 [ 1 0 0 0 0 0 0 0 1 1 ]
65 [ 1 1 0 0 0 0 0 0 1 0 ]
66 [ 1 1 0 0 0 0 1 0 1 1 ]
67 [ 1 0 0 0 0 0 1 0 1 0 ]
68 [ 1 0 0 0 1 0 0 0 1 1 ]
69 [ 0 1 0 0 0 0 0 0 0 0 ]
70 [ 0 0 0 1 0 0 0 0 1 0 ]
71 [ 0 1 0 0 0 0 0 0 0 0 ]
72 [ 1 0 0 1 0 0 0 0 1 0 ]
73 [ 1 1 0 0 0 0 1 0 1 0 ]
74 [ 1 1 0 1 0 0 0 0 1 1 ]
75 [ 1 1 0 1 0 0 0 0 1 0 ]
76 [ 1 0 0 0 1 0 0 0 1 0 ]
77 [ 0 1 0 0 0 0 0 0 0 0 ]
78 [ 1 1 0 0 1 0 0 0 1 1 ]
79 [ 1 1 1 1 1 0 1 0 1 1 ]
80 [ 1 1 0 1 1 0 0 0 1 1 ]
81 [ 1 1 0 0 1 0 0 0 1 1 ]
82 [ 1 1 0 1 1 1 1 0 1 1 ]
83 [ 1 1 0 0 1 0 1 1 1 1 ]
84 [ 1 1 0 1 1 0 1 0 1 1 ]
85 [ 1 1 0 0 1 0 1 0 1 1 ]
86 [ 1 1 0 0 1 0 1 0 1 1 ]
87 [ 1 1 0 1 0 0 0 0 1 1 ]
88 [ 1 1 0 0 1 0 0 0 1 0 ]
89 [ 1 1 1 0 0 0 0 0 1 1 ]
90 [ 1 0 0 1 0 0 0 0 1 0 ]
91 [ 1 0 0 1 0 0 0 0 1 0 ]
92 [ 1 0 0 0 0 0 0 0 1 0 ]
93 [ 1 0 0 0 0 0 0 0 0 1 ]
94 [ 1 0 0 0 1 0 0 0 1 0 ]
95 [ 1 0 0 0 1 0 0 0 1 0 ]
96 [ 1 0 0 0 0 1 0 0 1 0 ]
97 [ 1 0 0 0 0 0 0 0 0 0 ]
98 [ 1 0 1 0 0 0 0 0 0 0 ]
99 [ 1 0 0 0 0 0 0 0 0 0 ]
100 [ 1 0 0 1 0 0 0 0 0 0 ]
101 [ 1 0 0 0 0 0 0 0 0 0 ]
102 [ 1 0 0 1 0 0 0 0 0 0 ]
103 [ 0 0 0 0 0 0 1 0 0 0 ]
104 [ 1 0 0 0 0 0 0 0 0 0 ]
105 [ 1 0 0 0 0 0 0 0 0 0 ]
106 [ 1 0 0 0 0 0 0 0 0 0 ]
107 [ 0 0 0 0 0 0 0 0 0 0 ]
108 [ 0 1 0 0 0 0 0 0 0 0 ]
109 [ 0 0 0 0 0 0 0 0 1 0 ]
110 [ 0 0 0 0 0 0 1 0 0 0 ]
111 [ 0 0 0 0 0 0 0 0 0 1 ]
112 [ 1 0 0 0 0 0 0 0 0 1 ]
113 [ 0 0 0 1 0 0 0 0 0 0 ]
114 [ 1 0 0 1 0 0 0 0 0 0 ]
115 [ 1 0 0 0 0 0 0 0 1 0 ]
116 [ 1 0 0 0 0 0 1 0 0 0 ]
117 [ 1 0 0 1 0 0 0 0 1 0 ]
118 [ 1 1 0 0 0 0 0 0 1 0 ]
119 [ 1 1 0 0 0 0 0 0 1 0 ]
120 [ 1 1 0 0 1 0 0 0 1 0 ]
121 [ 1 1 0 0 1 0 0 0 1 0 ]
122 [ 1 1 0 0 1 0 0 0 1 0 ]
123 [ 1 1 0 0 0 1 0 0 1 0 ]
124 [ 1 1 0 0 0 0 0 0 1 0 ]
125 [ 1 1 1 1 1 0 0 0 1 0 ]
126 [ 1 1 0 0 1 0 0 0 1 1 ]
127 [ 1 1 0 0 1 1 1 0 1 0 ]
128 [ 1 1 0 0 0 0 0 0 1 1 ]
129 [ 1 1 0 1 1 0 0 0 1 0 ]
130 [ 1 1 1 1 1 0 0 0 1 1 ]
131 [ 1 1 0 1 0 0 1 0 1 1 ]
132 [ 1 1 0 1 1 0 1 0 1 1 ]
133 [ 0 0 0 0 0 0 0 0 1 0 ]
134 [ 1 1 1 0 1 0 0 0 1 1 ]
135 [ 1 1 0 0 1 0 1 0 1 1 ]
136 [ 1 1 0 1 1 0 0 0 1 1 ]
137 [ 1 1 0 0 1 0 0 0 1 1 ]
138 [ 1 1 1 0 0 0 1 0 1 1 ]
139 [ 1 1 0 0 1 0 1 0 1 1 ]
140 [ 1 1 0 1 0 0 0 0 1 1 ]
141 [ 1 1 0 0 0 0 1 0 0 0 ]
142 [ 1 0 0 0 0 0 0 1 1 0 ]
143 [ 1 0 0 0 0 0 0 0 1 0 ]
144 [ 1 0 0 1 0 0 0 0 0 1 ]
145 [ 1 0 1 0 0 0 0 0 0 0 ]
146 [ 1 0 0 0 0 1 0 0 0 1 ]
147 [ 1 1 0 1 0 0 0 0 0 0 ]
148 [ 1 0 0 0 0 0 0 1 1 0 ]
149 [ 1 1 0 0 0 0 0 0 1 0 ]
150 [ 1 1 0 0 0 0 0 0 0 0 ]
151 [ 1 1 0 0 0 0 0 0 1 0 ]
152 [ 1 1 0 1 0 0 0 0 0 0 ]
153 [ 1 1 0 0 0 0 0 0 0 0 ]
154 [ 0 0 0 0 1 0 0 0 0 0 ]
155 [ 1 0 0 1 0 0 0 0 0 0 ]
156 [ 1 0 0 0 0 1 0 0 0 0 ]
157 [ 1 0 0 0 0 0 0 0 0 1 ]
158 [ 1 0 0 0 0 0 0 0 1 0 ]
159 [ 1 0 0 0 0 0 0 0 1 0 ]
160 [ 1 0 1 0 0 0 0 0 0 0 ]
161 [ 1 0 0 0 0 0 0 0 0 0 ]
162 [ 0 0 0 0 0 0 0 0 1 0 ]
163 [ 1 1 0 0 0 1 0 0 0 0 ]
164 [ 1 1 0 1 0 0 0 0 0 0 ]
165 [ 1 1 1 0 0 0 0 0 1 0 ]
166 [ 1 1 1 0 0 0 0 0 1 0 ]
167 [ 1 1 0 0 0 1 0 0 1 1 ]
168 [ 1 0 1 0 0 0 0 0 1 0 ]
169 [ 1 1 0 1 0 0 0 0 1 0 ]
170 [ 1 1 0 0 1 1 0 0 1 1 ]
171 [ 0 0 0 0 0 0 0 0 0 1 ]
172 [ 1 1 1 0 0 0 0 0 1 1 ]
173 [ 1 1 0 0 1 1 0 0 1 1 ]
174 [ 1 1 0 0 1 1 0 0 1 1 ]
175 [ 1 1 0 1 1 0 1 0 1 1 ]
176 [ 1 1 1 1 1 0 1 0 1 1 ]
177 [ 1 1 1 1 1 1 1 1 1 1 ]
178 [ 1 1 1 1 1 1 1 1 1 1 ]
179 [ 1 1 0 1 0 0 0 0 1 0 ]
180 [ 1 1 1 1 1 1 1 0 1 1 ]
181 [ 1 1 1 1 1 1 1 0 1 1 ]
182 [ 1 1 1 1 1 1 1 1 1 1 ]
183 [ 1 1 1 1 1 1 1 1 1 1 ]
184 [ 0 0 0 0 1 0 0 0 0 0 ]
185 [ 1 1 1 1 1 1 1 1 1 1 ]
186 [ 1 1 1 1 1 1 1 1 1 1 ]
187 [ 1 1 1 1 1 1 1 1 1 1 ]
188 [ 1 1 1 1 1 1 1 0 1 1 ]
189 [ 0 0 0 0 1 0 0 0 0 0 ]
190 [ 1 1 1 1 1 1 1 0 1 1 ]
191 [ 1 1 1 1 1 1 1 0 1 1 ]
192 [ 1 1 1 1 1 1 1 0 1 1 ]
193 [ 0 0 0 0 0 0 0 0 0 1 ]
194 [ 1 1 0 1 0 1 1 1 1 1 ]
195 [ 1 1 1 1 1 1 1 0 1 1 ]
196 [ 1 1 0 0 0 0 0 0 1 1 ]
197 [ 1 1 0 0 0 0 1 0 1 1 ]
198 [ 1 0 0 0 0 0 0 1 0 1 ]
199 [ 1 1 0 0 0 0 0 0 1 1 ]
200 [ 1 1 0 1 0 0 0 0 1 1 ]
201 [ 1 1 0 0 1 0 1 0 1 1 ]
202 [ 1 1 0 1 1 0 0 0 1 1 ]
203 [ 1 1 0 1 0 0 0 0 1 1 ]
204 [ 1 1 0 1 1 0 0 0 1 1 ]
205 [ 1 1 0 0 0 0 0 0 1 1 ]
206 [ 1 1 0 0 0 1 0 0 1 0 ]
207 [ 1 1 0 0 0 0 0 0 1 0 ]
208 [ 1 0 0 0 0 1 0 0 0 1 ]
209 [ 1 0 0 0 0 1 0 0 0 1 ]
210 [ 1 0 0 1 0 0 0 0 0 0 ]
211 [ 1 0 0 0 0 0 1 0 0 0 ]
212 [ 1 1 0 0 0 0 0 0 1 0 ]
213 [ 1 0 0 0 0 1 0 0 0 1 ]
214 [ 1 1 0 0 0 0 1 0 0 0 ]
215 [ 1 1 0 0 0 0 0 0 1 1 ]
216 [ 1 1 0 0 0 0 0 1 0 1 ]
217 [ 1 1 0 0 0 0 0 0 1 0 ]
218 [ 1 1 1 0 0 0 0 0 1 0 ]
219 [ 1 1 0 0 0 0 0 0 1 1 ]
220 [ 1 1 0 0 1 0 0 0 1 1 ]
221 [ 1 1 0 1 1 0 0 0 1 1 ]
222 [ 1 1 1 0 1 1 1 0 1 1 ]
223 [ 1 1 0 1 1 0 0 0 1 1 ]
224 [ 0 0 0 0 1 0 0 0 0 0 ]
225 [ 1 1 1 1 1 1 1 0 1 1 ]
226 [ 1 1 1 1 1 1 1 0 1 1 ]
