1 [ 0 0 0 0 1 0 0 0 1 0 ]
2 [ 1 0 0 0 0 0 0 0 0 0 ]
3 [ 1 0 0 0 1 0 0 0 1 0 ]
4 [ 0 0 0 1 0 0 0 0 1 0 ]
5 [ 0 0 0 0 0 0 0 0 1 0 ]
6 [ 0 0 1 0 0 0 0 0 1 0 ]
7 [ 0 1 0 1 0 0 0 0 0 0 ]
8 [ 0 1 0 0 1 0 0 0 0 0 ]
9 [ 0 0 0 0 0 0 0 0 1 0 ]
10 [ 0 0 0 1 0 0 0 0 0 1 ]
11 [ 1 0 0 0 0 0 0 0 1 0 ]
12 [ 1 1 1 0 0 0 0 0 0 0 ]
13 [ 1 1 0 0 0 0 0 0 1 0 ]
14 [ 1 1 0 0 0 1 0 0 1 0 ]
15 [ 1 1 0 0 0 0 0 0 1 0 ]
16 [ 0 0 0 0 0 0 0 0 1 0 ]
17 [ 1 1 0 0 0 0 0 0 1 0 ]
18 [ 1 1 0 1 0 0 0 0 1 0 ]
19 [ 1 1 0 1 0 0 1 0 1 0 ]
20 [ 1 1 0 0 1 0 1 0 1 0 ]
21 [ 0 0 0 0 0 0 0 0 1 0 ]
22 [ 1 1 0 0 1 0 1 0 1 1 ]
23 [ 1 0 0 0 0 1 0 0 1 0 ]
24 [ 0 1 0 0 0 0 0 0 0 0 ]
25 [ 1 1 0 1 0 0 0 0 1 1 ]
26 [ 1 1 0 0 1 0 0 0 1 0 ]
27 [ 1 1 0 0 1 0 1 0 1 1 ]
28 [ 1 1 1 0 1 1 0 0 1 1 ]
29 [ 1 1 0 1 1 0 0 0 1 1 ]
30 [ 1 1 0 1 1 0 0 0 1 1 ]
31 [ 1 1 0 0 1 1 0 0 1 1 ]
32 [ 1 1 0 0 1 0 1 0 1 0 ]
33 [ 1 1 1 0 0 0 0 0 1 0 ]
34 [ 1 0 0 1 0 0 1 0 1 0 ]
35 [ 1 1 0 0 0 0 1 1 1 0 ]
36 [ 1 0 0 0 0 0 1 0 1 0 ]
37 [ 1 0 0 0 0 0 0 0 1 0 ]
38 [ 1 0 1 0 0 0 0 0 0 1 ]
39 [ 1 1 0 0 0 0 0 0 1 0 ]
40 [ 1 1 0 0 0 0 0 0 0 0 ]
41 [ 1 0 0 0 0 0 0 0 1 1 ]
42 [ 1 0 0 0 1 0 0 0 0 0 ]
43 [ 1 0 0 0 1 0 0 0 0 0 ]
44 [ 1 0 0 0 1 0 0 0 0 0 ]
45 [ 1 1 0 0 0 0 0 0 0 0 ]
46 [ 0 1 1 0 0 0 0 0 0 0 ]
47 [ 1 0 0 1 0 0 0 0 0 1 ]
48 [ 0 0 0 1 0 0 0 0 1 0 ]
49 [ 0 0 0 0 1 0 0 0 1 0 ]
50 [ 0 1 0 0 0 0 0 0 0 1 ]
51 [ 1 0 0 0 0 0 1 0 0 0 ]
52 [ 0 0 0 0 1 0 0 0 1 0 ]
53 [ 0 0 0 0 1 0 0 0 1 0 ]
54 [ 0 0 1 0 0 0 0 0 1 0 ]
55 [ 0 0 0 0 0 0 1 0 1 0 ]
56 [ 0 1 0 0 0 0 0 0 0 0 ]
57 [ 0 1 0 1 0 0 0 0 0 0 ]
58 [ 0 0 1 0 0 0 0 0 1 0 ]
59 [ 1 0 0 0 0 0 0 0 1 0 ]
60 [ 1 0 0 0 0 0 0 0 1 0 ]
61 [ 1 0 0 1 0 0 0 0 0 0 ]
62 [ 1 0 0 1 0 0 0 0 0 0 ]
63 [ 0 0 0 0 0 1 0 0 1 0 ]
64 [ 0 0 0 0 1 0 0 0 1 0 ]
65 [ 1 0 0 0 0 1 0 0 0 0 ]
66 [ 0 0 1 0 0 0 0 0 1 0 ]
67 [ 1 1 0 0 0 0 0 0 0 0 ]
68 [ 1 1 0 0 0 0 1 0 0 0 ]
69 [ 0 0 0 0 0 0 0 0 1 0 ]
70 [ 0 1 0 0 0 1 0 0 0 0 ]
71 [ 0 0 0 1 0 0 0 0 0 0 ]
72 [ 1 0 0 0 1 0 0 0 0 0 ]
73 [ 1 0 0 1 0 0 0 0 1 0 ]
74 [ 1 1 0 0 0 0 0 0 1 1 ]
75 [ 1 1 0 0 0 0 1 0 1 0 ]
76 [ 0 0 0 1 0 0 0 0 1 0 ]
77 [ 1 0 0 1 0 0 0 0 1 0 ]
78 [ 1 1 0 0 0 0 0 0 1 0 ]
79 [ 1 1 0 0 0 0 0 0 1 0 ]
80 [ 1 0 0 1 0 0 0 0 1 1 ]
81 [ 1 1 0 0 1 0 0 0 1 0 ]
82 [ 1 1 0 0 0 1 1 0 1 1 ]
83 [ 1 1 0 0 0 0 0 0 1 0 ]
84 [ 1 1 0 0 1 0 0 0 1 1 ]
85 [ 1 1 0 0 1 0 0 0 1 1 ]
86 [ 1 0 0 0 0 0 0 0 1 0 ]
87 [ 1 1 1 0 0 0 0 0 1 0 ]
88 [ 1 0 0 0 0 0 0 0 1 0 ]
89 [ 1 0 0 1 0 0 0 0 1 0 ]
90 [ 0 1 0 0 1 0 0 0 0 0 ]
91 [ 0 0 0 1 0 0 0 0 0 0 ]
92 [ 0 0 0 1 0 0 0 0 1 0 ]
93 [ 0 0 0 0 1 0 0 0 1 0 ]
94 [ 0 0 0 0 1 0 0 0 1 0 ]
95 [ 0 0 0 0 1 0 0 0 1 0 ]
96 [ 1 0 1 0 0 0 0 0 0 1 ]
97 [ 1 1 0 0 0 0 0 0 0 0 ]
98 [ 1 0 0 0 0 0 0 0 0 1 ]
99 [ 0 1 0 0 0 0 0 0 0 0 ]
100 [ 1 0 0 1 0 0 0 0 0 0 ]
101 [ 1 1 0 0 0 0 0 0 0 0 ]
102 [ 1 0 0 1 0 0 0 0 0 0 ]
103 [ 1 0 0 0 0 0 0 0 0 0 ]
104 [ 0 1 0 0 0 0 0 0 0 0 ]
105 [ 0 0 0 0 0 0 0 0 1 0 ]
106 [ 0 0 0 0 0 0 0 0 0 1 ]
107 [ 0 0 0 0 0 0 0 0 0 0 ]
108 [ 0 1 0 0 0 0 0 0 0 0 ]
109 [ 0 0 0 0 0 0 0 0 1 0 ]
110 [ 0 0 0 0 0 0 0 0 0 1 ]
111 [ 0 1 0 0 0 0 0 0 0 0 ]
112 [ 1 0 0 1 0 0 0 0 0 0 ]
113 [ 1 0 0 0 0 0 0 0 1 0 ]
114 [ 0 0 0 0 1 0 0 0 0 0 ]
115 [ 1 0 0 1 0 0 0 0 0 0 ]
116 [ 1 0 0 0 0 0 0 0 1 0 ]
117 [ 0 0 0 0 0 0 0 0 1 0 ]
118 [ 0 0 0 0 1 0 0 0 0 1 ]
119 [ 0 0 0 0 0 0 0 0 1 0 ]
120 [ 0 1 0 0 0 0 0 0 1 0 ]
121 [ 1 0 0 1 0 0 0 0 1 0 ]
122 [ 0 0 0 0 1 0 0 0 1 0 ]
123 [ 1 0 1 0 0 0 0 0 1 0 ]
124 [ 1 0 0 0 0 0 0 0 1 0 ]
125 [ 1 1 0 0 1 0 1 0 0 0 ]
126 [ 1 0 0 0 1 0 0 0 0 0 ]
127 [ 1 1 0 0 0 1 0 0 1 0 ]
128 [ 1 0 0 1 0 1 0 0 1 0 ]
129 [ 1 1 0 0 1 0 0 0 1 0 ]
130 [ 1 1 0 0 1 0 0 0 1 0 ]
131 [ 1 1 0 0 1 1 0 0 1 1 ]
132 [ 1 1 0 0 0 0 1 0 1 0 ]
133 [ 1 1 0 1 0 1 0 0 1 1 ]
134 [ 1 1 0 0 0 0 0 0 1 1 ]
135 [ 1 1 0 0 0 0 1 0 1 1 ]
136 [ 1 1 0 0 0 0 0 0 1 1 ]
137 [ 1 0 0 1 0 1 0 0 1 0 ]
138 [ 1 1 0 0 0 0 0 0 1 0 ]
139 [ 1 0 0 0 0 0 0 0 1 0 ]
140 [ 1 1 0 0 0 1 0 0 1 0 ]
141 [ 1 1 0 0 0 0 0 0 1 0 ]
142 [ 0 0 0 1 0 0 0 0 1 0 ]
143 [ 1 0 0 0 0 0 0 0 1 0 ]
144 [ 0 0 0 0 0 0 1 0 1 0 ]
145 [ 0 0 1 0 0 0 0 0 1 0 ]
146 [ 0 0 0 1 0 0 0 0 1 0 ]
147 [ 0 0 0 0 0 1 0 0 1 0 ]
148 [ 0 1 0 0 0 0 0 0 1 0 ]
149 [ 0 0 0 0 0 0 0 0 1 0 ]
150 [ 0 0 0 0 0 0 0 0 1 1 ]
151 [ 1 0 0 0 1 0 0 0 0 0 ]
152 [ 1 0 0 0 0 0 0 0 0 0 ]
153 [ 1 0 0 0 1 0 0 0 0 0 ]
154 [ 1 0 0 0 0 0 0 0 0 1 ]
155 [ 0 0 0 1 0 0 0 0 0 0 ]
156 [ 0 1 0 1 0 0 0 0 0 0 ]
157 [ 1 0 0 0 0 0 0 0 1 0 ]
158 [ 1 0 0 0 0 0 0 0 1 0 ]
159 [ 1 0 0 0 0 0 1 0 0 0 ]
160 [ 1 1 0 0 0 0 0 0 0 0 ]
161 [ 1 0 0 0 1 0 0 0 0 0 ]
162 [ 0 1 0 0 0 0 0 1 0 0 ]
163 [ 0 0 0 0 0 0 0 0 1 0 ]
164 [ 0 0 0 0 0 0 0 1 1 0 ]
165 [ 0 0 0 0 1 0 0 0 1 0 ]
166 [ 1 0 0 0 1 0 0 0 1 0 ]
167 [ 1 1 0 0 0 1 0 0 0 0 ]
168 [ 1 0 0 0 0 1 0 0 1 0 ]
169 [ 0 1 0 0 0 0 1 0 0 0 ]
170 [ 0 0 0 1 0 0 0 0 1 0 ]
171 [ 1 0 0 0 0 0 1 0 1 0 ]
172 [ 1 1 0 0 0 0 0 0 1 0 ]
173 [ 1 0 0 1 0 0 0 0 0 0 ]
174 [ 1 1 0 0 1 0 0 0 1 0 ]
175 [ 1 1 1 0 1 0 0 0 1 0 ]
176 [ 1 1 1 0 1 0 0 0 1 1 ]
177 [ 1 1 0 1 0 0 1 0 1 1 ]
178 [ 1 1 1 1 1 0 1 0 1 1 ]
179 [ 0 0 0 0 0 0 0 1 1 0 ]
180 [ 1 1 0 1 0 1 0 0 1 1 ]
181 [ 1 1 0 1 1 0 1 0 1 1 ]
182 [ 1 1 1 0 1 1 1 0 1 1 ]
183 [ 1 1 0 1 1 1 1 0 1 0 ]
184 [ 1 1 0 1 1 1 1 0 1 1 ]
185 [ 1 1 1 1 1 1 1 0 1 1 ]
186 [ 1 1 1 0 1 1 1 0 1 1 ]
187 [ 1 1 0 1 1 1 1 0 1 1 ]
188 [ 1 1 1 0 1 0 0 0 1 1 ]
189 [ 1 1 1 1 1 0 1 0 1 1 ]
190 [ 1 1 0 1 1 1 1 0 1 1 ]
191 [ 1 1 0 1 0 1 1 0 1 1 ]
192 [ 1 1 0 0 0 1 1 0 1 1 ]
193 [ 1 1 0 1 0 1 0 0 1 1 ]
194 [ 1 1 0 1 0 0 1 0 1 0 ]
195 [ 1 1 0 0 1 0 0 0 1 1 ]
196 [ 1 0 0 1 0 0 0 0 0 1 ]
197 [ 1 1 0 1 0 0 0 0 0 0 ]
198 [ 0 0 0 0 0 0 0 0 1 0 ]
199 [ 1 1 0 1 0 0 0 0 0 0 ]
200 [ 1 1 0 0 0 0 0 0 1 1 ]
201 [ 1 1 0 0 1 1 0 0 0 0 ]
202 [ 1 1 0 0 0 0 0 0 1 1 ]
203 [ 1 1 0 1 0 0 0 0 1 0 ]
204 [ 1 1 0 0 0 1 0 0 1 1 ]
205 [ 1 1 0 0 0 0 0 0 0 1 ]
206 [ 1 0 0 1 0 0 0 0 0 0 ]
207 [ 0 1 0 1 0 0 0 0 0 0 ]
208 [ 0 1 0 1 0 0 0 0 0 0 ]
209 [ 1 0 1 0 0 0 0 0 0 0 ]
210 [ 1 1 0 0 0 0 0 0 0 0 ]
211 [ 0 1 0 0 0 0 1 0 0 0 ]
212 [ 0 1 0 1 0 0 0 0 0 0 ]
213 [ 1 0 0 1 0 0 0 0 0 0 ]
214 [ 0 1 0 1 0 0 0 0 0 0 ]
215 [ 1 1 0 0 0 0 1 0 0 0 ]
216 [ 1 1 0 0 0 0 0 0 0 0 ]
217 [ 1 0 0 0 1 0 0 0 1 0 ]
218 [ 1 0 0 1 0 0 0 0 0 1 ]
219 [ 1 1 0 0 0 1 0 0 1 0 ]
220 [ 1 1 0 0 0 0 0 0 1 1 ]
221 [ 1 1 0 0 1 1 0 0 0 0 ]
222 [ 1 1 0 0 0 1 0 0 1 0 ]
223 [ 1 1 0 0 0 0 1 0 1 1 ]
224 [ 1 1 0 0 1 0 0 0 1 0 ]
225 [ 1 1 0 1 1 0 0 0 1 1 ]
226 [ 1 1 1 1 1 0 1 0 1 1 ]
